-554
-554
-554
-554
-452
669
0
-554
-554
-554
-554
-554
-554
208
-554
-554
-554
98
1232
-1526
-1486
-1462
-554
-554
-554
-554
-554
208
-554
-554
-554
1387
-1431
89
-690
2846
-554
-554
-554
-554
-554
208
-554
-554
-554
8732
-1304
-529
9067
-554
-554
-554
-554
-554
-554
208
-554
-554
-554
-400
-637
-1503
465
-554
-554
410
-1126
-554
-554
208
-554
-554
-554
9923
-1067
1097
-938
-1481
-1474
-908
-960
-554
-554
208
-554
-554
-554
6150
-1221
89
58
89
89
89
-1501
-554
-554
208
-554
-554
214
-1321
89
-1361
1866
19952
89
-869
6626
-554
-554
208
-554
-554
2878
-1482
89
3312
-67
1613
89
-605
2640
-554
-554
208
-554
-554
393
119
-1445
5420
-209
-1442
-1490
11345
-554
-554
-554
208
-554
-554
-653
-1205
7434
241
-654
859
6397
-53
-554
-554
-554
208
-554
-554
-554
-554
-554
-554
-554
-554
-554
-554
-554
-554
-554
208
-554
-554
-554
-554
-554
-554
-554
-554
-554
-554
-554
-554
-554
208
-997
-997
-997
-997
-997
-997
-997
-997
-997
-997
-997
-997
-997
-887
-541
-541
-541
-541
-468
3836
5166
-541
-541
-541
-541
-541
-541
193
-541
-541
-541
-498
16854
4757
-761
-864
-541
-541
-541
-541
-541
193
-541
-541
-541
899
7109
332
-1399
-1430
-541
-541
-541
-541
-541
193
-541
-541
-541
4310
4024
276
0
-541
-541
-541
-541
-541
-541
193
-541
-541
-541
1571
3978
-1379
-1418
-541
-541
-479
-658
-541
-541
193
-541
-541
-541
5346
3749
260
4429
8059
4172
10366
-1525
-541
-541
193
-541
-541
-541
9213
1676
332
329
332
332
332
-1384
-541
-541
193
-541
-541
-373
14786
332
-741
0
-374
332
241
0
-541
-541
193
-541
-541
413
6494
332
0
-1021
14448
332
-771
-1507
-541
-541
193
-541
-541
2550
4322
140
-577
-349
12043
-366
0
-541
-541
-541
193
-541
-541
-157
-1335
0
-1200
-514
-883
0
-1014
-541
-541
-541
193
-541
-541
-541
-541
-541
-541
-541
-541
-541
-541
-541
-541
-541
193
-541
-541
-541
-541
-541
-541
-541
-541
-541
-541
-541
-541
-541
193
-36
-36
-36
-36
-36
-36
-36
-36
-36
-36
-36
-36
-36
785
160
160
160
160
525
15940
-1382
160
160
160
160
160
160
323
160
160
160
1437
1065
0
1440
-1241
160
160
160
160
160
323
160
160
160
549
-1379
-726
-1162
3430
160
160
160
160
160
323
160
160
160
2602
-1261
-1284
2309
160
160
160
160
160
160
323
160
160
160
-306
3268
-266
3018
160
160
2058
-512
160
160
323
160
160
160
1837
-1037
-626
-1524
0
0
0
0
160
160
323
160
160
160
4670
-1381
-726
-734
-726
-726
-726
-674
160
160
323
160
160
1204
-1226
-726
-267
-1476
15337
-726
-1481
2102
160
160
323
160
160
4593
-1495
-726
1293
4276
1019
-726
-1428
10151
160
160
323
160
160
-1150
702
-1236
2380
275
-1364
-822
5145
160
160
160
323
160
160
-332
0
7952
7071
100
-1529
9097
4097
160
160
160
323
160
160
160
160
160
160
160
160
160
160
160
160
160
323
160
160
160
160
160
160
160
160
160
160
160
160
160
323
903
903
903
903
903
903
903
903
903
903
903
903
903
7
83
83
83
83
106
-303
-663
83
83
83
83
83
83
-181
83
83
83
389
3661
8234
2908
2338
83
83
83
83
83
-181
83
83
83
120
-1512
-768
-477
308
83
83
83
83
83
-181
83
83
83
1364
-917
-947
-555
83
83
83
83
83
83
-181
83
83
83
-1530
-504
-1039
2493
83
83
521
808
83
83
-181
83
83
83
1593
-572
629
23261
28136
25640
22398
15033
83
83
-181
83
83
83
-1197
-935
-768
-777
-768
-768
-768
7341
83
83
-181
83
83
434
-1312
-768
-1082
-1508
0
-768
-1055
1258
83
83
-181
83
83
589
-1497
-768
-1371
-933
-1527
-768
-1425
-1176
83
83
-181
83
83
-1307
-1139
-1300
4449
244
-1506
-1448
-852
83
83
83
-181
83
83
-544
-826
0
-1206
-156
0
-56
-819
83
83
83
-181
83
83
83
83
83
83
83
83
83
83
83
83
83
-181
83
83
83
83
83
83
83
83
83
83
83
83
83
-181
240
240
240
240
240
240
240
240
240
240
240
240
240
-282
-384
-384
-384
-384
-287
2759
2134
-384
-384
-384
-384
-384
-384
29
-384
-384
-384
-9
1322
12039
-1442
864
-384
-384
-384
-384
-384
29
-384
-384
-384
63
8812
-170
-1526
-1308
-384
-384
-384
-384
-384
29
-384
-384
-384
702
7782
-505
0
-384
-384
-384
-384
-384
-384
29
-384
-384
-384
2420
1576
-87
-961
-384
-384
157
149
-384
-384
29
-384
-384
-384
379
7147
-871
-290
6928
8424
11280
-767
-384
-384
29
-384
-384
-384
3759
2960
-170
-161
-170
-170
-170
-1171
-384
-384
29
-384
-384
-99
11790
-170
-1302
-1530
-1459
-170
-709
0
-384
-384
29
-384
-384
1325
11205
-170
-168
-1450
5731
-170
-1276
-507
-384
-384
29
-384
-384
598
2223
-1156
0
-381
12345
-1249
0
-384
-384
-384
29
-384
-384
-128
3624
0
-1518
-259
1065
0
-1452
-384
-384
-384
29
-384
-384
-384
-384
-384
-384
-384
-384
-384
-384
-384
-384
-384
29
-384
-384
-384
-384
-384
-384
-384
-384
-384
-384
-384
-384
-384
29
234
234
234
234
234
234
234
234
234
234
234
234
234
321
622
622
622
622
850
8557
5209
622
622
622
622
622
622
255
622
622
622
1494
-315
0
63
2600
622
622
622
622
622
255
622
622
622
259
-1525
-1227
-980
-1161
622
622
622
622
622
255
622
622
622
744
-1453
-877
642
622
622
622
622
622
622
255
622
622
622
-1215
-1465
-1515
645
622
622
1892
1603
622
622
255
622
622
622
287
-1184
-1441
-734
0
-1200
-1322
-1508
622
622
255
622
622
622
-241
-1528
-1227
-1226
-1227
-1227
-1227
-1525
622
622
255
622
622
1312
-1445
-1227
0
0
-347
-1227
-559
-792
622
622
255
622
622
2630
-928
-1227
-252
1458
-1515
-1227
-1063
154
622
622
255
622
622
-1389
-1347
0
-1514
665
-1451
0
-1107
622
622
622
255
622
622
-151
-1230
-1274
1745
458
-1285
-398
1215
622
622
622
255
622
622
622
622
622
622
622
622
622
622
622
622
622
255
622
622
622
622
622
622
622
622
622
622
622
622
622
255
1935
1935
1935
1935
1935
1935
1935
1935
1935
1935
1935
1935
1935
675
-900
-900
-900
-900
-752
8049
-777
-900
-900
-900
-900
-900
-900
-1238
-900
-900
-900
-466
2366
-998
16844
-1439
-900
-900
-900
-900
-900
-1238
-900
-900
-900
-1260
626
2396
3384
699
-900
-900
-900
-900
-900
-1238
-900
-900
-900
-1222
107
1554
3017
-900
-900
-900
-900
-900
-900
-1238
-900
-900
-900
-1016
3153
4822
-13
-900
-900
-257
-1200
-900
-900
-1238
-900
-900
-900
-1364
197
4591
8636
3872
6386
1390
-1054
-900
-900
-1238
-900
-900
-900
-1504
875
2396
2439
2396
2396
2396
4077
-900
-900
-1238
-900
-900
-564
-1065
2396
-1082
-871
-167
2396
1033
2575
-900
-900
-1238
-900
-900
-218
-166
2396
327
-170
-1483
2396
980
1581
-900
-900
-1238
-900
-900
-1030
2986
-163
2608
-885
-158
-463
5020
-900
-900
-900
-1238
-900
-900
-1377
-1056
2891
295
-1040
-339
4263
-175
-900
-900
-900
-1238
-900
-900
-900
-900
-900
-900
-900
-900
-900
-900
-900
-900
-900
-1238
-900
-900
-900
-900
-900
-900
-900
-900
-900
-900
-900
-900
-900
-1238
-495
-495
-495
-495
-495
-495
-495
-495
-495
-495
-495
-495
-495
-1228
513
513
513
513
737
7087
-1365
513
513
513
513
513
513
1036
513
513
513
1457
6927
-1426
-900
-829
513
513
513
513
513
1036
513
513
513
1824
2400
-1298
0
-1250
513
513
513
513
513
1036
513
513
513
6351
-796
-945
-276
513
513
513
513
513
513
1036
513
513
513
115
1321
-610
-980
513
513
1892
-58
513
513
1036
513
513
513
6493
-1056
-1468
-1530
-1400
-1470
-852
0
513
513
1036
513
513
513
6103
-1520
-1298
-1298
-1298
-1298
-1298
0
513
513
1036
513
513
1455
2710
-1298
0
0
4021
-1298
-610
0
513
513
1036
513
513
4232
2111
-1298
0
166
4224
-1298
0
-1055
513
513
1036
513
513
188
1100
0
-98
808
4122
0
-1299
513
513
513
1036
513
513
177
-94
-1530
-57
393
-19
-1325
68
513
513
513
1036
513
513
513
513
513
513
513
513
513
513
513
513
513
1036
513
513
513
513
513
513
513
513
513
513
513
513
513
1036
594
594
594
594
594
594
594
594
594
594
594
594
594
322
1
1
1
1
112
4707
5369
1
1
1
1
1
1
-557
1
1
1
273
8163
6957
10026
973
1
1
1
1
1
-557
1
1
1
-445
-67
-247
1260
-743
1
1
1
1
1
-557
1
1
1
-101
1810
-463
675
1
1
1
1
1
1
-557
1
1
1
-1245
-1469
72
-743
1
1
390
309
1
1
-557
1
1
1
-58
2341
1844
15345
22007
21317
16564
7788
1
1
-557
1
1
1
-1427
171
-247
-232
-247
-247
-247
3126
1
1
-557
1
1
280
-764
-247
-1291
-461
0
-247
-600
440
1
1
-557
1
1
16
39
-247
-1055
-1162
-1530
-247
-1126
-1506
1
1
-557
1
1
-1527
-993
-933
-70
98
-477
-1124
-392
1
1
1
-557
1
1
-805
-780
-995
-1434
-285
-5
-1349
-1135
1
1
1
-557
1
1
1
1
1
1
1
1
1
1
1
1
1
-557
1
1
1
1
1
1
1
1
1
1
1
1
1
-557
765
765
765
765
765
765
765
765
765
765
765
765
765
-163
328
328
328
328
0
0
-1504
328
328
328
328
328
328
598
328
328
328
-576
-1306
-427
0
-412
328
328
328
328
328
598
328
328
328
374
-764
-1320
116
355
328
328
328
328
328
598
328
328
328
-761
-1486
-851
-632
328
328
328
328
328
328
598
328
328
328
4532
1012
-1504
11
328
328
-858
76
328
328
598
328
328
328
-462
-1527
-1530
0
0
0
0
-1078
328
328
598
328
328
328
-600
-1282
-1320
-1323
-1320
-1320
-1320
-1530
328
328
598
328
328
-463
-661
-1320
4047
8327
7928
-1320
-375
-820
328
328
598
328
328
-1325
-650
-1320
285
1858
975
-1320
1423
2577
328
328
598
328
328
5314
-208
1622
-896
196
-579
2758
42
328
328
328
598
328
328
1469
14767
5990
2686
557
15087
5618
1734
328
328
328
598
328
328
328
328
328
328
328
328
328
328
328
328
328
598
328
328
328
328
328
328
328
328
328
328
328
328
328
598
-795
-795
-795
-795
-795
-795
-795
-795
-795
-795
-795
-795
-795
163
24
24
24
24
74
-195
-1345
24
24
24
24
24
24
1851
24
24
24
491
284
-559
0
316
24
24
24
24
24
1851
24
24
24
3018
3343
-1282
0
-1518
24
24
24
24
24
1851
24
24
24
9733
1761
-1420
-1366
24
24
24
24
24
24
1851
24
24
24
9621
1194
-1130
-1457
24
24
699
235
24
24
1851
24
24
24
10585
1211
-1530
0
0
0
-1213
-879
24
24
1851
24
24
24
14987
-38
-1282
-1294
-1282
-1282
-1282
0
24
24
1851
24
24
582
4452
-1282
-1516
-1205
15595
-1282
-1482
-838
24
24
1851
24
24
3974
5225
-1282
-1530
-656
14681
-1282
0
-1516
24
24
1851
24
24
7685
932
-1521
0
294
3827
-1360
-1001
24
24
24
1851
24
24
1117
9084
-1239
-965
259
15759
-1403
-739
24
24
24
1851
24
24
24
24
24
24
24
24
24
24
24
24
24
1851
24
24
24
24
24
24
24
24
24
24
24
24
24
1851
-126
-126
-126
-126
-126
-126
-126
-126
-126
-126
-126
-126
-126
1091
-593
-593
-593
-593
-604
723
598
-593
-593
-593
-593
-593
-593
-1253
-593
-593
-593
-895
17104
-1516
13813
-1423
-593
-593
-593
-593
-593
-1253
-593
-593
-593
-1232
19627
-332
7127
-1374
-593
-593
-593
-593
-593
-1253
-593
-593
-593
-1432
9041
50
-1307
-593
-593
-593
-593
-593
-593
-1253
-593
-593
-593
0
19660
-261
0
-593
-593
-1000
-1300
-593
-593
-1253
-593
-593
-593
-1284
7314
2869
40
615
-1242
1838
0
-593
-593
-1253
-593
-593
-593
-681
2460
-332
-250
-332
-332
-332
0
-593
-593
-1253
-593
-593
-798
6680
-332
148
-1082
731
-332
340
0
-593
-593
-1253
-593
-593
-1529
19512
-332
0
-632
-1498
-332
-918
-1509
-593
-593
-1253
-593
-593
-1264
18873
1281
0
-542
17829
1368
-1368
-593
-593
-593
-1253
-593
-593
-1252
13269
688
-773
-895
5177
5928
-832
-593
-593
-593
-1253
-593
-593
-593
-593
-593
-593
-593
-593
-593
-593
-593
-593
-593
-1253
-593
-593
-593
-593
-593
-593
-593
-593
-593
-593
-593
-593
-593
-1253
-760
-760
-760
-760
-760
-760
-760
-760
-760
-760
-760
-760
-760
-1184
-986
-986
-986
-986
-945
412
-835
-986
-986
-986
-986
-986
-986
-690
-986
-986
-986
-850
3798
5014
2522
-1019
-986
-986
-986
-986
-986
-690
-986
-986
-986
-421
7723
7750
2423
-982
-986
-986
-986
-986
-986
-690
-986
-986
-986
1000
7155
7258
-350
-986
-986
-986
-986
-986
-986
-690
-986
-986
-986
-233
9054
5204
-872
-986
-986
-791
-987
-986
-986
-690
-986
-986
-986
1214
6952
7656
4579
3319
2071
4212
-1314
-986
-986
-690
-986
-986
-986
2195
7813
7750
7775
7750
7750
7750
-529
-986
-986
-690
-986
-986
-822
5681
7750
5401
1713
6989
7750
6927
-626
-986
-986
-690
-986
-986
-189
8176
7750
-378
-778
3830
7750
1878
-678
-986
-986
-690
-986
-986
-177
8241
6039
-897
-904
6978
5190
-343
-986
-986
-986
-690
-986
-986
-890
3030
564
-679
-977
1503
795
-800
-986
-986
-986
-690
-986
-986
-986
-986
-986
-986
-986
-986
-986
-986
-986
-986
-986
-690
-986
-986
-986
-986
-986
-986
-986
-986
-986
-986
-986
-986
-986
-690
-844
-844
-844
-844
-844
-844
-844
-844
-844
-844
-844
-844
-844
-667
315
315
315
315
408
359
0
315
315
315
315
315
315
-218
315
315
315
1072
0
-1272
5348
-920
315
315
315
315
315
-218
315
315
315
-464
-1530
-1445
-843
2116
315
315
315
315
315
-218
315
315
315
-855
-1291
-1528
14424
315
315
315
315
315
315
-218
315
315
315
-1291
-1457
-284
-756
315
315
1417
-423
315
315
-218
315
315
315
-1213
-967
-1317
0
-1251
-1328
0
3179
315
315
-218
315
315
315
-1529
-1517
-1445
-1444
-1445
-1445
-1445
-1153
315
315
-218
315
315
814
0
-1445
-1418
13225
2593
-1445
-1517
9688
315
315
-218
315
315
1700
-1317
-1445
8510
-576
0
-1445
571
50
315
315
-218
315
315
-1525
-1277
-1199
5794
229
-431
-1134
15238
315
315
315
-218
315
315
-400
2008
16298
-887
213
2598
14792
-568
315
315
315
-218
315
315
315
315
315
315
315
315
315
315
315
315
315
-218
315
315
315
315
315
315
315
315
315
315
315
315
315
-218
-437
-437
-437
-437
-437
-437
-437
-437
-437
-437
-437
-437
-437
-1167
-457
-457
-457
-457
-664
0
-1512
-457
-457
-457
-457
-457
-457
-431
-457
-457
-457
-994
-733
-1071
-1404
-354
-457
-457
-457
-457
-457
-431
-457
-457
-457
-605
-1209
440
4025
507
-457
-457
-457
-457
-457
-431
-457
-457
-457
-1308
-793
1329
4916
-457
-457
-457
-457
-457
-457
-431
-457
-457
-457
1157
-667
141
1464
-457
-457
-1159
-432
-457
-457
-431
-457
-457
-457
-1198
-710
-213
-1230
-661
0
-821
430
-457
-457
-431
-457
-457
-457
-1451
-190
440
432
440
440
440
329
-457
-457
-431
-457
-457
-936
-1529
440
7319
12399
3381
440
2033
3676
-457
-457
-431
-457
-457
-1466
-1157
440
5965
-78
-1227
440
5819
826
-457
-457
-431
-457
-457
1662
-732
4412
2400
-552
-1500
5685
3981
-457
-457
-457
-431
-457
-457
84
9265
6879
129
-349
9400
5480
-90
-457
-457
-457
-431
-457
-457
-457
-457
-457
-457
-457
-457
-457
-457
-457
-457
-457
-431
-457
-457
-457
-457
-457
-457
-457
-457
-457
-457
-457
-457
-457
-431
-1115
-1115
-1115
-1115
-1115
-1115
-1115
-1115
-1115
-1115
-1115
-1115
-1115
-664
39
39
39
39
298
15099
20614
39
39
39
39
39
39
-419
39
39
39
579
-93
-1516
4732
2400
39
39
39
39
39
-419
39
39
39
-774
-935
-1292
-1148
333
39
39
39
39
39
-419
39
39
39
-1366
-1394
-1440
520
39
39
39
39
39
39
-419
39
39
39
-859
-1412
614
6408
39
39
821
979
39
39
-419
39
39
39
-1519
-1282
-1379
-63
-1276
1972
-797
3043
39
39
-419
39
39
39
-353
-1329
-1292
-1295
-1292
-1292
-1292
8482
39
39
-419
39
39
318
-1310
-1292
-676
0
0
-1292
-1501
1370
39
39
-419
39
39
909
-1433
-1292
3209
990
-1247
-1292
-721
1548
39
39
-419
39
39
-1486
-848
-1494
1174
-121
-1242
-1510
-1124
39
39
39
-419
39
39
-414
0
-1465
1529
39
0
-1452
992
39
39
39
-419
39
39
39
39
39
39
39
39
39
39
39
39
39
-419
39
39
39
39
39
39
39
39
39
39
39
39
39
-419
2372
2372
2372
2372
2372
2372
2372
2372
2372
2372
2372
2372
2372
1022
-887
-887
-887
-887
-883
-1008
-1383
-887
-887
-887
-887
-887
-887
-799
-887
-887
-887
-826
170
8457
5342
-721
-887
-887
-887
-887
-887
-799
-887
-887
-887
-683
5240
6753
5104
-847
-887
-887
-887
-887
-887
-799
-887
-887
-887
-183
7418
6554
2774
-887
-887
-887
-887
-887
-887
-799
-887
-887
-887
-879
4121
5655
-815
-887
-887
-801
-848
-887
-887
-799
-887
-887
-887
-94
7956
7177
3945
6091
4876
4243
1306
-887
-887
-799
-887
-887
-887
-418
6538
6753
6784
6753
6753
6753
350
-887
-887
-799
-887
-887
-809
1179
6753
6409
5465
2862
6753
6417
1472
-887
-887
-799
-887
-887
-615
5439
6753
1866
-1171
-69
6753
4520
-1213
-887
-887
-799
-887
-887
-752
5240
6044
265
-843
3030
5628
1897
-887
-887
-887
-799
-887
-887
-895
4818
2089
-1278
-901
2336
1958
-1172
-887
-887
-887
-799
-887
-887
-887
-887
-887
-887
-887
-887
-887
-887
-887
-887
-887
-799
-887
-887
-887
-887
-887
-887
-887
-887
-887
-887
-887
-887
-887
-799
-921
-921
-921
-921
-921
-921
-921
-921
-921
-921
-921
-921
-921
-889
1194
1194
1194
1194
1152
-693
-1498
1194
1194
1194
1194
1194
1194
539
1194
1194
1194
1333
-616
0
-1343
1044
1194
1194
1194
1194
1194
539
1194
1194
1194
278
0
0
-1445
5969
1194
1194
1194
1194
1194
539
1194
1194
1194
-487
0
0
6236
1194
1194
1194
1194
1194
1194
539
1194
1194
1194
-883
0
-971
8558
1194
1194
1390
1041
1194
1194
539
1194
1194
1194
-683
0
-446
-1340
-1312
-1530
-190
5352
1194
1194
539
1194
1194
1194
-1513
0
0
0
0
0
0
4780
1194
1194
539
1194
1194
1230
0
0
-289
-435
-1526
0
0
8577
1194
1194
539
1194
1194
812
0
0
4330
2570
-156
0
-1530
6517
1194
1194
539
1194
1194
-908
0
0
12392
1097
0
0
7393
1194
1194
1194
539
1194
1194
581
0
1856
3462
1063
-413
1531
2726
1194
1194
1194
539
1194
1194
1194
1194
1194
1194
1194
1194
1194
1194
1194
1194
1194
539
1194
1194
1194
1194
1194
1194
1194
1194
1194
1194
1194
1194
1194
539
565
565
565
565
565
565
565
565
565
565
565
565
565
-94
392
392
392
392
583
9597
3368
392
392
392
392
392
392
505
392
392
392
807
15065
-637
-1529
-575
392
392
392
392
392
505
392
392
392
974
1348
-1473
-311
-1024
392
392
392
392
392
505
392
392
392
3174
-721
-1390
0
392
392
392
392
392
392
505
392
392
392
-794
-355
-1187
-1429
392
392
986
-25
392
392
505
392
392
392
3464
-828
-1522
4010
7657
6247
7636
-1529
392
392
505
392
392
392
3805
-1497
-1473
-1474
-1473
-1473
-1473
-1468
392
392
505
392
392
854
6193
-1473
-71
0
-1405
-1473
-1313
0
392
392
505
392
392
1718
557
-1473
0
-338
4545
-1473
0
-1252
392
392
505
392
392
-293
-51
-1006
-1054
590
4629
-636
-205
392
392
392
505
392
392
19
-755
0
-634
238
-935
0
-325
392
392
392
505
392
392
392
392
392
392
392
392
392
392
392
392
392
505
392
392
392
392
392
392
392
392
392
392
392
392
392
505
1103
1103
1103
1103
1103
1103
1103
1103
1103
1103
1103
1103
1103
824
-914
-914
-914
-914
-890
-305
-1067
-914
-914
-914
-914
-914
-914
-618
-914
-914
-914
-822
4038
6410
2434
-867
-914
-914
-914
-914
-914
-618
-914
-914
-914
-305
3034
7750
2901
207
-914
-914
-914
-914
-914
-618
-914
-914
-914
1228
3988
7428
349
-914
-914
-914
-914
-914
-914
-618
-914
-914
-914
-358
4338
4799
1084
-914
-914
-783
-915
-914
-914
-618
-914
-914
-914
1578
4345
8082
12889
9965
7083
8297
1133
-914
-914
-618
-914
-914
-914
1827
5812
7750
7744
7750
7750
7750
2965
-914
-914
-618
-914
-914
-774
3653
7750
6373
2177
3692
7750
7212
1158
-914
-914
-618
-914
-914
-285
2440
7750
341
-607
2866
7750
1971
289
-914
-914
-618
-914
-914
-35
4271
6621
2428
-817
3172
5747
728
-914
-914
-914
-618
-914
-914
-822
-96
-212
-402
-918
-1184
-281
-561
-914
-914
-914
-618
-914
-914
-914
-914
-914
-914
-914
-914
-914
-914
-914
-914
-914
-618
-914
-914
-914
-914
-914
-914
-914
-914
-914
-914
-914
-914
-914
-618
-854
-854
-854
-854
-854
-854
-854
-854
-854
-854
-854
-854
-854
-644
1157
1157
1157
1157
1141
162
-1477
1157
1157
1157
1157
1157
1157
715
1157
1157
1157
1219
-1298
0
-1296
-278
1157
1157
1157
1157
1157
715
1157
1157
1157
700
0
0
-430
4190
1157
1157
1157
1157
1157
715
1157
1157
1157
549
0
0
576
1157
1157
1157
1157
1157
1157
715
1157
1157
1157
-850
0
0
1906
1157
1157
1245
402
1157
1157
715
1157
1157
1157
545
0
0
-1441
-1524
-1529
-853
934
1157
1157
715
1157
1157
1157
-1009
0
0
0
0
0
0
-73
1157
1157
715
1157
1157
1217
0
0
0
-1529
-1521
0
0
1917
1157
1157
715
1157
1157
833
0
0
-691
1645
-1498
0
-194
3766
1157
1157
715
1157
1157
-469
0
0
4850
1174
0
0
2717
1157
1157
1157
715
1157
1157
631
0
-356
1983
992
-961
-459
1767
1157
1157
1157
715
1157
1157
1157
1157
1157
1157
1157
1157
1157
1157
1157
1157
1157
715
1157
1157
1157
1157
1157
1157
1157
1157
1157
1157
1157
1157
1157
715
458
458
458
458
458
458
458
458
458
458
458
458
458
39
204
204
204
204
55
-1527
148
204
204
204
204
204
204
-908
204
204
204
-308
0
-416
12622
-93
204
204
204
204
204
-908
204
204
204
-1307
-360
-1254
9994
3654
204
204
204
204
204
-908
204
204
204
-861
-1047
-1003
14585
204
204
204
204
204
204
-908
204
204
204
-1450
-1481
1147
5801
204
204
-489
27
204
204
-908
204
204
204
-627
-1149
-865
-1369
-1168
-1523
-47
3270
204
204
-908
204
204
204
0
-1525
-1254
-1248
-1254
-1254
-1254
10551
204
204
-908
204
204
-379
0
-1254
489
6388
-1529
-1254
-786
12944
204
204
-908
204
204
-1493
-154
-1254
11898
1529
0
-1254
8680
4958
204
204
-908
204
204
-1517
-1444
19
10557
-93
0
1047
14063
204
204
204
-908
204
204
-438
-1239
11766
2332
58
-1227
12207
1520
204
204
204
-908
204
204
204
204
204
204
204
204
204
204
204
204
204
-908
204
204
204
204
204
204
204
204
204
204
204
204
204
-908
-267
-267
-267
-267
-267
-267
-267
-267
-267
-267
-267
-267
-267
-913
-939
-939
-939
-939
-844
2222
-1348
-939
-939
-939
-939
-939
-939
-429
-939
-939
-939
-506
478
9074
676
-593
-939
-939
-939
-939
-939
-429
-939
-939
-939
-194
9834
6586
-292
-1447
-939
-939
-939
-939
-939
-429
-939
-939
-939
1584
9559
5329
-1412
-939
-939
-939
-939
-939
-939
-429
-939
-939
-939
1825
7914
5313
-1416
-939
-939
-296
-779
-939
-939
-429
-939
-939
-939
1313
9142
4863
873
2171
2942
4275
-1203
-939
-939
-429
-939
-939
-939
5006
8417
6586
6600
6586
6586
6586
-1475
-939
-939
-429
-939
-939
-565
8118
6586
2114
2454
6090
6586
4528
-1477
-939
-939
-429
-939
-939
1392
11301
6586
-1015
-1153
5989
6586
1123
-1467
-939
-939
-429
-939
-939
218
7630
2553
-1524
-877
9776
1769
-1477
-939
-939
-939
-429
-939
-939
-737
5256
-254
-1251
-855
3017
-410
-1168
-939
-939
-939
-429
-939
-939
-939
-939
-939
-939
-939
-939
-939
-939
-939
-939
-939
-429
-939
-939
-939
-939
-939
-939
-939
-939
-939
-939
-939
-939
-939
-429
-640
-640
-640
-640
-640
-640
-640
-640
-640
-640
-640
-640
-640
-521
-902
-902
-902
-902
-890
-534
-553
-902
-902
-902
-902
-902
-902
-694
-902
-902
-902
-867
399
2799
2316
-861
-902
-902
-902
-902
-902
-694
-902
-902
-902
-606
5793
6321
3424
-912
-902
-902
-902
-902
-902
-694
-902
-902
-902
-182
5476
6205
554
-902
-902
-902
-902
-902
-902
-694
-902
-902
-902
142
7485
5204
-588
-902
-902
-852
-865
-902
-902
-694
-902
-902
-902
-133
5187
5555
470
-410
-626
441
-1319
-902
-902
-694
-902
-902
-902
806
6433
6321
6345
6321
6321
6321
-413
-902
-902
-694
-902
-902
-858
3352
6321
5689
3763
6496
6321
6128
-111
-902
-902
-694
-902
-902
-567
6641
6321
978
-596
2099
6321
3816
-450
-902
-902
-694
-902
-902
-81
6419
5912
-772
-878
4606
5677
238
-902
-902
-902
-694
-902
-902
-740
4660
2390
-450
-861
3715
2415
-636
-902
-902
-902
-694
-902
-902
-902
-902
-902
-902
-902
-902
-902
-902
-902
-902
-902
-694
-902
-902
-902
-902
-902
-902
-902
-902
-902
-902
-902
-902
-902
-694
-828
-828
-828
-828
-828
-828
-828
-828
-828
-828
-828
-828
-828
-646
809
809
809
809
975
3434
0
809
809
809
809
809
809
1984
809
809
809
1724
5510
-196
0
-416
809
809
809
809
809
1984
809
809
809
3606
0
-1180
0
5732
809
809
809
809
809
1984
809
809
809
12563
0
-804
-269
809
809
809
809
809
809
1984
809
809
809
1306
-362
0
4633
809
809
2139
156
809
809
1984
809
809
809
13511
0
-1456
3000
-170
-1091
-1338
452
809
809
1984
809
809
809
10572
0
-1180
-1150
-1180
-1180
-1180
-1052
809
809
1984
809
809
1900
-1492
-1180
0
-835
6592
-1180
-468
1980
809
809
1984
809
809
5353
0
-1180
-1208
2198
3938
-1180
0
6238
809
809
1984
809
809
2515
-481
0
7235
1327
-67
0
1773
809
809
809
1984
809
809
718
0
-1465
3137
665
0
-1504
2396
809
809
809
1984
809
809
809
809
809
809
809
809
809
809
809
809
809
1984
809
809
809
809
809
809
809
809
809
809
809
809
809
1984
410
410
410
410
410
410
410
410
410
410
410
410
410
691
85
85
85
85
-295
0
-1447
85
85
85
85
85
85
-775
85
85
85
-817
-1346
-294
3398
1616
85
85
85
85
85
-775
85
85
85
-996
-726
-1304
10901
-1275
85
85
85
85
85
-775
85
85
85
-1506
115
-759
4106
85
85
85
85
85
85
-775
85
85
85
-1452
-1440
-1086
-923
85
85
-1078
700
85
85
-775
85
85
85
-1530
85
-558
-300
2532
-467
1714
1903
85
85
-775
85
85
85
0
-636
-1304
-1293
-1304
-1304
-1304
-139
85
85
-775
85
85
-705
-819
-1304
6447
6669
-1281
-1304
-197
1295
85
85
-775
85
85
-1453
406
-1304
458
-762
0
-1304
6113
-1455
85
85
-775
85
85
-1144
-1392
2177
-841
-45
-1474
3512
1847
85
85
85
-775
85
85
-264
17042
1038
-1089
-113
6274
3095
-815
85
85
85
-775
85
85
85
85
85
85
85
85
85
85
85
85
85
-775
85
85
85
85
85
85
85
85
85
85
85
85
85
-775
-954
-954
-954
-954
-954
-954
-954
-954
-954
-954
-954
-954
-954
-981
946
946
946
946
909
778
-110
946
946
946
946
946
946
564
946
946
946
650
13993
0
-1481
-954
946
946
946
946
946
564
946
946
946
900
-119
-599
-1331
-226
946
946
946
946
946
564
946
946
946
1595
-1379
-767
0
946
946
946
946
946
946
564
946
946
946
-1393
782
0
-1530
946
946
535
98
946
946
564
946
946
946
2318
-1172
-1374
3283
749
-1128
2351
0
946
946
564
946
946
946
-415
-1119
-599
-608
-599
-599
-599
-1479
946
946
564
946
946
829
2919
-599
-984
0
-1449
-599
-873
0
946
946
564
946
946
-132
-752
-599
0
2140
494
-599
0
1465
946
946
564
946
946
-220
-252
-1127
-1313
1112
3024
-1037
-1117
946
946
946
564
946
946
412
-1278
-875
2739
660
-1326
-1530
2069
946
946
946
564
946
946
946
946
946
946
946
946
946
946
946
946
946
564
946
946
946
946
946
946
946
946
946
946
946
946
946
564
529
529
529
529
529
529
529
529
529
529
529
529
529
418
479
479
479
479
376
-1390
334
479
479
479
479
479
479
703
479
479
479
258
0
-1516
-957
1351
479
479
479
479
479
703
479
479
479
150
915
-1501
-1383
-1476
479
479
479
479
479
703
479
479
479
-1073
339
-1469
445
479
479
479
479
479
479
703
479
479
479
6280
22
-1112
-1474
479
479
173
963
479
479
703
479
479
479
-1268
-211
-1220
0
0
0
0
-1402
479
479
703
479
479
479
371
-653
-1501
-1500
-1501
-1501
-1501
0
479
479
703
479
479
138
-1046
-1501
-1033
4578
4975
-1501
-1440
-1347
479
479
703
479
479
135
3504
-1501
3102
-75
428
-1501
1396
-1348
479
479
703
479
479
2818
-468
-1332
-731
228
-330
-1059
-1135
479
479
479
703
479
479
1340
14697
6196
-417
825
21392
4790
-254
479
479
479
703
479
479
479
479
479
479
479
479
479
479
479
479
479
703
479
479
479
479
479
479
479
479
479
479
479
479
479
703
261
261
261
261
261
261
261
261
261
261
261
261
261
685
-387
-387
-387
-387
-430
-923
1760
-387
-387
-387
-387
-387
-387
-1054
-387
-387
-387
-594
-1226
-1513
10596
-184
-387
-387
-387
-387
-387
-1054
-387
-387
-387
-1345
-1151
-489
7071
2241
-387
-387
-387
-387
-387
-1054
-387
-387
-387
-1222
-1485
-283
6189
-387
-387
-387
-387
-387
-387
-1054
-387
-387
-387
-1528
-1529
2408
5236
-387
-387
-673
-340
-387
-387
-1054
-387
-387
-387
-1016
-1510
-233
1708
-708
650
-1315
4264
-387
-387
-1054
-387
-387
-387
-431
-1304
-489
-483
-489
-489
-489
12110
-387
-387
-1054
-387
-387
-678
-900
-489
306
2614
-1162
-489
-131
7120
-387
-387
-1054
-387
-387
-1376
-1016
-489
5988
551
0
-489
6709
2995
-387
-387
-1054
-387
-387
-1530
-1525
340
8185
-587
-853
1130
6071
-387
-387
-387
-1054
-387
-387
-767
-1442
3393
1162
-445
-1200
3331
613
-387
-387
-387
-1054
-387
-387
-387
-387
-387
-387
-387
-387
-387
-387
-387
-387
-387
-1054
-387
-387
-387
-387
-387
-387
-387
-387
-387
-387
-387
-387
-387
-1054
-374
-374
-374
-374
-374
-374
-374
-374
-374
-374
-374
-374
-374
-909
-441
-441
-441
-441
-331
3685
7462
-441
-441
-441
-441
-441
-441
-574
-441
-441
-441
-29
2580
4472
4341
2891
-441
-441
-441
-441
-441
-574
-441
-441
-441
-341
-1499
230
-549
-1018
-441
-441
-441
-441
-441
-574
-441
-441
-441
847
534
-196
5838
-441
-441
-441
-441
-441
-441
-574
-441
-441
-441
-1525
-1272
11
2277
-441
-441
157
648
-441
-441
-574
-441
-441
-441
868
778
1614
6840
13341
13782
8795
11094
-441
-441
-574
-441
-441
-441
-557
714
230
221
230
230
230
2876
-441
-441
-574
-441
-441
-36
-1525
230
-1248
-566
-1322
230
-456
3846
-441
-441
-574
-441
-441
571
-950
230
3965
-1200
-1482
230
-1172
-1486
-441
-441
-574
-441
-441
-1441
-1428
-1030
702
-319
-1408
-1286
278
-441
-441
-441
-574
-441
-441
-905
0
-1231
-1409
-599
-1216
-1345
-1196
-441
-441
-441
-574
-441
-441
-441
-441
-441
-441
-441
-441
-441
-441
-441
-441
-441
-574
-441
-441
-441
-441
-441
-441
-441
-441
-441
-441
-441
-441
-441
-574
616
616
616
616
616
616
616
616
616
616
616
616
616
-4
53
53
53
53
154
4933
10953
53
53
53
53
53
53
109
53
53
53
230
15765
2948
-780
1451
53
53
53
53
53
109
53
53
53
638
1178
-997
-1512
-1407
53
53
53
53
53
109
53
53
53
2893
1304
-1088
-1349
53
53
53
53
53
53
109
53
53
53
-1285
-810
-1495
-1235
53
53
305
644
53
53
109
53
53
53
3563
1084
-91
10646
15993
13171
15723
403
53
53
109
53
53
53
1944
146
-997
-996
-997
-997
-997
-995
53
53
109
53
53
346
4144
-997
-1500
0
-1058
-997
-1145
-1438
53
53
109
53
53
605
2376
-997
-1002
-823
2421
-997
-863
-1522
53
53
109
53
53
-478
-784
-1283
-1397
273
2506
-1453
-787
53
53
53
109
53
53
-306
-1037
0
-1134
-135
-1191
0
-828
53
53
53
109
53
53
53
53
53
53
53
53
53
53
53
53
53
109
53
53
53
53
53
53
53
53
53
53
53
53
53
109
1091
1091
1091
1091
1091
1091
1091
1091
1091
1091
1091
1091
1091
965
-629
-629
-629
-629
-684
-1516
-185
-629
-629
-629
-629
-629
-629
-443
-629
-629
-629
-747
8324
-1405
-726
266
-629
-629
-629
-629
-629
-443
-629
-629
-629
101
-1469
1312
245
1841
-629
-629
-629
-629
-629
-443
-629
-629
-629
2296
-1509
1520
-536
-629
-629
-629
-629
-629
-629
-443
-629
-629
-629
-1307
-818
-900
8638
-629
-629
-792
-249
-629
-629
-443
-629
-629
-629
3454
-1493
2999
20982
12047
4861
12033
1045
-629
-629
-443
-629
-629
-629
33
-148
1312
1277
1312
1312
1312
8355
-629
-629
-443
-629
-629
-595
-401
1312
2937
-1524
290
1312
1667
1878
-629
-629
-443
-629
-629
-754
-1496
1312
-1038
1495
-33
1312
-1307
4872
-629
-629
-443
-629
-629
-5
-1494
2097
6313
-437
-1449
1442
-153
-629
-629
-629
-443
-629
-629
-690
-1154
-1362
3061
-748
0
-1528
1610
-629
-629
-629
-443
-629
-629
-629
-629
-629
-629
-629
-629
-629
-629
-629
-629
-629
-443
-629
-629
-629
-629
-629
-629
-629
-629
-629
-629
-629
-629
-629
-443
-684
-684
-684
-684
-684
-684
-684
-684
-684
-684
-684
-684
-684
-384
