741
763
328
-917
588
-443
-142
544
741
741
741
684
741
418
-1170
-91
-1455
-915
366
1050
741
741
741
684
741
494
-980
-1525
-1478
-1529
-514
275
619
771
740
684
741
-869
-619
-1222
-1223
0
-850
-1530
-1277
-399
978
684
741
811
-950
-1391
-852
207
-473
-980
-1421
-1336
415
684
691
-1112
-820
-1510
-1117
1889
2831
1543
2037
-736
517
684
711
-933
-1264
-1422
-1506
-1283
-210
-84
-1205
-545
558
684
658
-898
-1354
-1520
-1399
-1516
-1504
-1523
-1427
-845
-389
684
81
255
-1134
-1521
-1235
-1025
-1251
-1279
-1400
-387
287
684
717
-1245
-1140
-1262
-117
-1497
-1126
-1247
-854
-678
741
684
853
1082
-745
-1498
-740
1439
-234
-1479
-720
685
741
684
539
539
539
539
539
539
539
539
539
539
539
557
606
452
-683
-378
-743
1392
491
591
606
606
606
328
606
-305
-1474
-1520
-1300
-1422
-1301
776
606
606
606
328
606
-297
-1518
-1245
-1477
-1474
-358
163
742
636
688
328
606
-753
-1530
-1446
-247
-471
796
1556
1949
805
681
328
606
-996
-1521
-1501
-1497
-1152
1633
1793
4281
2675
1089
328
569
-449
-1512
-1356
-35
0
-866
-1444
-1342
-202
-232
328
252
-967
-1269
-1296
-921
-555
-1432
-1513
-1530
-1512
289
328
152
-1497
-1348
-1512
-1492
-1484
-1228
-179
-1293
-1408
-545
328
-25
-1120
-1080
-1530
-1189
-1260
-1336
-1271
-1387
-194
58
328
148
-1530
-1527
-1333
-699
-1467
-1505
-1135
-611
-690
606
328
538
-394
-675
-1163
-833
-440
-545
-1008
-803
438
606
328
932
932
932
932
932
932
932
932
932
932
932
624
221
389
523
-1457
-1262
-819
-1528
169
221
221
221
240
221
65
-478
-1122
-1102
-1488
-845
-695
221
221
221
240
221
360
848
-1000
-1462
-1094
540
88
23
332
335
240
221
-254
36
917
-1421
-1067
-1513
-162
-236
1312
1307
240
221
84
-412
-184
1301
-1145
-1096
-1317
-646
-1128
-65
240
206
-335
-168
-662
174
-1087
0
0
0
0
-1450
240
345
189
-431
-1525
-716
699
2351
-276
-504
-891
-1292
240
532
298
-787
-1414
-1530
-1297
-1118
-1105
-1064
-111
-1068
240
-345
2439
2633
-745
-1124
-620
833
-1355
-689
-398
-49
240
326
-669
2980
4765
618
-1422
1418
3265
-14
-567
221
240
285
-492
-1289
-547
-317
78
-1235
-634
-218
204
221
240
264
264
264
264
264
264
264
264
264
264
264
310
-323
-363
-1342
-1291
-1530
-1455
-936
-19
-323
-323
-323
-260
-323
-566
-1045
-1528
-796
-1093
-632
-433
-323
-323
-323
-260
-323
15
-1117
-949
-1201
5
-1033
-505
-328
-383
-387
-260
-323
-319
-1423
-1517
-1070
0
0
0
-591
-1479
-665
-260
-323
-337
-1439
-1414
-1168
-8
-1209
-1530
-1430
-306
-238
-260
-318
-578
-1481
-995
-1463
-1521
-1467
-1453
-1530
-556
-291
-260
-284
-852
-1354
-1018
-523
647
-1479
-1525
-1197
-385
-941
-260
-363
-897
-1128
-1478
-543
-1244
-1514
-1412
-162
261
-706
-260
-374
-539
-1280
-651
1047
-376
-906
691
1673
-1070
-489
-260
-116
12
542
253
-920
-370
457
529
-839
-716
-323
-260
-300
-256
362
-352
-698
-438
-80
-239
-642
-382
-323
-260
-283
-283
-283
-283
-283
-283
-283
-283
-283
-283
-283
-241
467
939
4599
-1522
-274
-404
535
224
467
467
467
549
467
1760
16
-971
-420
4212
1600
811
467
467
467
549
467
1293
-1300
-1018
-1524
2536
339
433
456
165
421
549
467
998
-1147
-335
-1327
-830
-1463
-1322
-1141
-1511
-930
549
467
1628
-1342
-327
-1259
-1339
-1400
-1102
-1488
-255
-714
549
542
2734
-1511
0
-1530
-1136
-1051
-1427
-769
3347
-122
549
946
2024
-1141
0
-998
-265
-1109
-812
-209
3658
1677
549
1408
-745
-1242
-1437
926
-287
-1369
0
4270
712
1026
549
156
-1456
-1069
405
2809
141
-1396
-549
2757
801
171
549
-168
-1527
-1354
1435
1088
-1459
-1228
758
747
823
467
549
356
-1250
-470
38
335
-1217
-246
-296
569
308
467
549
108
108
108
108
108
108
108
108
108
108
108
151
-17
326
312
3506
1333
-1466
-1521
-735
-17
-17
-17
178
-17
839
-642
-761
0
-1522
-1235
-294
-17
-17
-17
178
-17
287
-1006
-1277
-740
-1349
-1488
-51
-32
-6
12
178
-17
543
-1264
-1247
-880
-1384
200
1183
415
1731
-521
178
-17
663
-1008
-572
-1177
-710
-1242
-1294
-1477
-1507
-1390
178
58
-359
-1391
-1346
-1100
-1354
-32
0
0
-868
-1529
178
359
125
-765
-1514
-1521
-1434
-745
-1371
-1386
-1523
-1525
178
527
-1008
-1168
-681
-1280
-1479
-1320
-1530
-1274
-1507
-275
178
168
-1244
-1414
-1529
-1431
-1284
-1274
-1401
-1171
-1082
-201
178
-106
-822
-1044
-903
-1383
-1112
-1405
-919
-1283
-129
-17
178
-28
-691
-1042
-262
-170
-233
-784
-344
-265
-25
-17
178
-81
-81
-81
-81
-81
-81
-81
-81
-81
-81
-81
56
45
31
43
-187
362
-1530
-1200
-328
45
45
45
54
45
-130
-174
-1435
-1171
-1492
-1209
30
45
45
45
54
45
-110
-453
-1312
-1430
-1464
827
239
141
101
144
54
45
-266
-530
-1530
-961
1349
2872
2497
1309
823
51
54
45
-137
-510
-1149
-891
1890
2124
1382
886
-333
-409
54
44
-217
-402
-1355
-1530
-1376
-600
-198
-1117
-1529
-982
54
-1
-316
-503
-1530
-1478
-1415
-1504
-1343
-1525
-1255
-433
54
-68
-414
-1252
-1335
-1504
-1162
-778
-1519
-1522
-970
740
54
-55
-581
-1340
-1273
-1379
-635
-1483
-988
-1515
951
101
54
107
-744
-1465
-1313
672
115
-1530
-1214
418
785
45
54
77
-52
-1013
-514
535
195
-716
-740
510
65
45
54
368
368
368
368
368
368
368
368
368
368
368
367
1338
1245
-197
501
-527
-1426
-1177
1501
1338
1338
1338
1622
1338
732
672
4281
-1218
-1407
-331
1419
1338
1338
1338
1622
1338
1195
3217
5889
-1224
-1482
943
1607
1073
1234
1113
1622
1338
1074
3095
4043
-1521
-1205
-825
-986
-1449
-1310
10
1622
1338
1086
2085
4431
-1025
-1289
-1063
-1273
-1300
-1121
-354
1622
1233
735
4563
5201
-1335
-1187
-1422
-823
-1530
-1507
484
1622
966
1192
6027
1568
-1342
-1023
1547
4527
-1517
-1359
1673
1622
1086
2989
6340
-767
-1520
-1204
2481
927
-1529
-8
1542
1622
1357
2827
597
-1432
-850
1790
1578
-1479
-1165
1552
1805
1622
2252
921
-563
-1473
530
2580
-97
-1501
188
1285
1338
1622
1583
603
-1317
-815
742
1020
-1330
-733
717
1515
1338
1622
711
711
711
711
711
711
711
711
711
711
711
1088
362
121
-504
-1148
718
819
-24
308
362
362
362
84
362
-483
-1530
-1304
-1518
-1151
-550
167
362
362
362
84
362
-761
-1462
-1483
-1345
-1143
-559
189
404
297
316
84
362
-946
-1530
-1511
-530
-603
-1530
-1523
-1443
-1420
-423
84
362
-1103
-1481
-1521
674
3113
5086
3194
4354
1446
-529
84
282
-1233
-1445
-1443
-1450
-389
-1529
-1206
207
-300
-96
84
-89
-1370
-1519
-1526
-1350
-731
-1529
-1530
-1215
-820
-253
84
-365
-1530
-1499
-1465
-1306
-1502
-1451
-1305
-1152
-537
-121
84
-157
-1403
-1206
-682
84
-1405
-1289
-1370
-613
-72
205
84
95
-1527
-1286
-901
4
-1530
-1452
-468
53
-30
362
84
365
-846
-176
145
-173
-491
-39
-231
-133
284
362
84
201
201
201
201
201
201
201
201
201
201
201
5
1065
1156
6440
-585
-1530
-1496
1362
1512
1065
1065
1065
1345
1065
930
1322
-1427
0
-1530
2344
1773
1065
1065
1065
1345
1065
2410
752
-1529
-599
-838
1969
901
1208
1063
1143
1345
1065
598
1466
-1498
-1138
-1420
-1247
-1229
-1259
-882
1201
1345
1065
1558
1101
-1463
-1152
102
506
904
-1352
116
2454
1345
1001
2442
-38
-1478
-1515
-1492
-1521
-1430
-1199
-1323
2562
1345
978
3953
-912
-1341
-1408
-445
-175
-1400
-1470
-231
4019
1345
1847
1925
-1510
-446
-1156
2309
-957
-41
-1465
714
907
1345
1661
1267
-1384
-1097
250
5704
-1444
-1194
-377
2028
883
1345
928
-65
-1442
-1513
92
-399
-1435
-1530
-148
257
1065
1345
1114
-263
-111
-654
306
-97
479
-104
123
1062
1065
1345
1290
1290
1290
1290
1290
1290
1290
1290
1290
1290
1290
1610
901
822
-658
-1448
-1238
417
3179
2144
901
901
901
1195
901
442
-577
-1407
-1021
-1361
692
-150
901
901
901
1195
901
770
-1001
-1452
-1498
-720
-937
601
737
762
885
1195
901
1480
232
-1407
-1502
-1502
-1394
-588
-103
2510
2980
1195
901
595
-553
-1137
-1528
-1492
-907
248
28
4598
2515
1195
891
886
-1375
-1326
-1428
-1443
-718
-415
-165
-1250
1234
1195
718
109
-1473
-1080
-402
-673
-1529
-1529
-1130
-389
-1003
1195
652
-461
-1491
-1337
750
1575
-1317
-1139
-646
609
-1120
1195
1350
-466
-1491
-1221
-51
-1343
-1530
-1367
-768
-1190
405
1195
1861
1490
249
-1528
-1446
-20
298
-1494
-1264
-739
901
1195
1106
1208
3144
201
-375
1422
2602
564
-474
868
901
1195
542
542
542
542
542
542
542
542
542
542
542
841
-220
-30
-214
913
-818
-1401
-1408
-728
-220
-220
-220
-253
-220
30
-1318
-1526
-1486
-1520
-1251
-113
-220
-220
-220
-253
-220
-572
-1094
-1461
-1440
-75
957
-33
-226
-163
-145
-253
-220
-460
-1202
-1426
806
2287
1950
1448
707
872
-513
-253
-220
-396
-1054
-1158
385
1388
502
-499
-645
-1208
-729
-253
-191
-865
-765
-1127
-1379
-100
0
0
-922
-1528
-1402
-253
-61
-1009
-747
-1511
-1497
-1519
-1307
-1406
-1431
-1220
-348
-253
-116
-1003
-1283
-1443
-697
-1040
-662
-1510
-1336
-818
814
-253
-574
-1352
-1517
-1430
-1119
-877
-1493
-862
-963
993
-81
-253
-409
-1309
-1530
-1046
711
-873
-1517
-852
1285
754
-220
-253
-215
-539
-31
77
231
-389
-202
-205
316
-173
-220
-253
61
61
61
61
61
61
61
61
61
61
61
1
207
217
-685
-1530
-1336
2140
-564
-145
207
207
207
237
207
206
-1530
-1381
-1253
1552
2145
308
207
207
207
237
207
-186
-1505
-1079
221
3735
-40
527
249
237
238
237
207
-190
-1530
-683
2978
5186
-34
-149
-435
-424
-175
237
207
-63
-1469
-626
1556
1028
-1188
-1529
-1435
120
-590
237
216
-834
-1529
223
-823
-1462
-1530
-1502
182
1978
-73
237
132
-1454
-1530
160
-188
-1023
-1462
-750
23
2909
74
237
-55
-1463
-1428
172
1558
-1255
-1504
1525
-324
868
388
237
-89
-1439
-1515
-1480
1048
-1527
-1354
-1523
182
-285
679
237
298
-1240
-1179
-443
-104
-1038
-1441
-1070
-314
398
207
237
285
-89
-537
-439
44
697
-701
-87
187
390
207
237
381
381
381
381
381
381
381
381
381
381
381
391
726
805
966
-264
-763
-945
-1475
294
726
726
726
394
726
382
-649
-1505
-80
-1491
-775
813
726
726
726
394
726
-137
-1224
-1435
-1489
-432
-407
182
1021
692
556
394
726
-725
-1308
-1512
-425
87
-219
-91
-370
-1301
-563
394
726
-756
-1308
-1529
-1461
-1127
-715
-740
-1457
-1414
-1435
394
743
-337
-1188
-840
-239
0
-1135
-1437
-1508
-885
-923
394
801
329
-1356
-73
-1163
-1389
-1510
-1441
-1457
-1047
-218
394
886
-903
-1393
-839
-1140
-1517
-1198
-1150
-1187
-861
394
394
-152
-1517
-259
-1427
-1322
-1529
-683
-1267
-704
153
-104
394
-87
-1517
-1526
660
1166
-1424
-1469
416
1428
694
726
394
578
-661
650
4440
1343
-1016
345
4590
1527
354
726
394
903
903
903
903
903
903
903
903
903
903
903
502
31
-95
194
1606
-626
-1449
-1482
-438
31
31
31
-5
31
-150
-917
-1190
-984
-1214
-1446
8
31
31
31
-5
31
307
-794
-1420
-1180
-1441
-1177
-22
-57
-86
22
-5
31
-151
-1359
-1376
0
-851
-1200
-1530
-506
-142
-466
-5
31
-75
-669
-1476
-1374
-1250
-1467
-1093
-1042
-1243
-936
-5
15
-677
-290
-1529
-1491
-1530
0
0
-1332
-979
-1478
-5
30
-830
-919
-1411
-1530
-1007
-1515
-1528
-1501
-1524
-1089
-5
-9
-762
-1058
-1417
-1434
-1502
-969
-1247
-1478
-1452
-612
-5
6
-843
-779
-1256
-1527
-473
1694
-1515
-1449
-717
-261
-5
79
105
-904
-1489
-748
-941
-838
-1447
-952
-688
31
-5
53
-404
-828
-1023
-858
-223
-297
-991
-911
-1
31
-5
-132
-132
-132
-132
-132
-132
-132
-132
-132
-132
-132
-159
-283
-553
-1522
-1368
-1229
-482
2539
-243
-283
-283
-283
-92
-283
-601
-232
-1529
-1044
-1511
1126
494
-283
-283
-283
-92
-283
-810
-825
-1473
-1367
-1154
-754
2
-121
-254
-206
-92
-283
1383
-1059
-1483
-1530
-594
2352
315
1893
223
237
-92
-283
-979
197
-1527
-750
-1453
957
-911
-404
889
1329
-92
-254
-771
-1049
-1237
-1321
-665
-1404
-1530
-1530
-287
4586
-92
-458
-887
-1324
-1529
-1215
-1481
-1467
-1504
-1360
-641
1673
-92
-927
-738
-1517
-1451
-930
-1400
-1530
-1274
-1505
-1120
342
-92
846
-975
-1527
-988
-750
643
-1296
-818
-1110
-1044
-235
-92
522
3764
-1528
-1107
-1501
7765
-1507
-1067
-1527
-483
-283
-92
-203
586
-1206
-1528
-1061
176
-648
-1479
-1040
-273
-283
-92
-123
-123
-123
-123
-123
-123
-123
-123
-123
-123
-123
35
55
113
1735
-596
4707
1593
-1248
-153
55
55
55
26
55
85
-1078
-585
-1394
-1440
-1357
-454
55
55
55
26
55
-98
-892
-1106
-1466
-1523
-1130
384
89
65
118
26
55
-502
-1171
-879
-989
-64
4452
4165
2328
2178
312
26
55
-138
-1370
-17
779
1895
3940
4831
2545
2015
-322
26
66
-816
-1123
-760
-1472
-1529
-663
0
-1472
-1524
-1296
26
102
133
-1119
-1224
-1437
-209
-1331
-1517
-1515
-1380
-1201
26
-13
-732
-1154
-1516
-1529
-1486
-1373
-1278
-1505
-1472
182
26
-395
-617
-1448
-1530
-1519
-85
-1467
-1526
-1423
-762
552
26
3
-1492
-1524
-1271
-1270
-1457
-1530
-1222
-1279
845
55
26
109
-816
-1284
-724
1244
39
-1322
-321
988
272
55
26
117
117
117
117
117
117
117
117
117
117
117
63
272
52
-1433
-1060
-1028
-1530
2614
-396
272
272
272
222
272
-203
-1473
-1416
-1168
-124
1290
396
272
272
272
222
272
-240
-1526
-267
2066
1799
370
259
276
143
150
222
272
-71
-1495
-867
1097
-1056
-953
-757
-1500
-945
-971
222
272
-788
-1528
-737
-355
-965
-1476
-1199
-884
-245
-765
222
220
-1355
-1199
-1293
-1033
-1493
-1530
-1480
-1426
68
90
222
-41
-1530
-1477
-123
-215
-1360
-1429
2392
31
1432
1272
222
-47
-1521
-1158
2020
2161
-1482
-1415
-535
158
-14
432
222
419
-1509
-1393
3640
1607
-1317
-1520
-127
778
873
222
222
286
-860
-1146
923
777
195
-1331
577
944
-147
272
222
278
-400
162
-407
-607
-56
16
-466
-420
321
272
222
119
119
119
119
119
119
119
119
119
119
119
69
656
489
-1094
-724
-1505
1057
-808
599
656
656
656
505
656
-23
-1507
-1345
-1490
-1214
-190
329
656
656
656
505
656
-284
-1490
-1488
-1391
-1503
554
564
638
466
767
505
656
-186
-1395
-1509
833
-1013
-1496
-1522
-1453
-1473
674
505
656
-651
-1509
-1269
606
3348
412
-691
-163
-1482
376
505
592
-1012
-1108
-974
-1326
-1341
-1202
-1504
-1415
-892
-960
505
287
-1250
-1202
-1284
-1319
-1480
-954
-440
-1142
-36
-358
505
269
-1522
-1435
-1430
-1473
-1530
-37
-1528
-1159
-386
-255
505
415
-1530
-1374
-1155
-294
-1469
-1526
-1502
-940
257
1090
505
844
-1335
-1366
47
927
-1123
-1509
-76
-39
41
656
505
737
468
-1104
-228
457
1638
-966
-856
611
946
656
505
493
493
493
493
493
493
493
493
493
493
493
390
320
366
-1402
-91
0
-1521
-132
442
320
320
320
100
320
281
-1452
-352
-539
56
782
752
320
320
320
100
320
-1038
-1467
-823
-1420
-110
121
356
401
290
236
100
320
-51
-1412
-677
-1438
419
-774
-1329
-1511
-1522
-650
100
320
-666
-1408
-626
0
-256
-595
-672
-1521
-1155
-124
100
482
-727
-1510
0
-733
-1522
-1530
-1373
-1075
-449
572
100
666
-1056
-1196
0
-728
-1238
-1486
-1398
-864
604
1400
100
-407
-1486
-425
-1386
-1068
-1511
-1499
-1271
-573
28
-81
100
-558
-1477
-1199
-1488
196
-1341
-1447
-1146
448
725
72
100
285
-154
873
1258
1439
-788
9
-56
989
-35
320
100
334
245
575
575
345
-152
1152
1097
237
242
320
100
534
534
534
534
534
534
534
534
534
534
534
159
928
763
-930
-1492
-1068
-1352
-862
675
928
928
928
682
928
271
-1517
-1247
-863
-1295
-1442
232
928
928
928
682
928
-564
-1530
-1439
-1426
-1500
-918
580
798
977
974
682
928
-84
-1517
-1407
-1450
-866
-43
2532
3672
4531
1563
682
928
-1178
-1481
-1512
-1381
-1530
-497
-167
801
2141
180
682
872
-1382
-1469
-1529
0
0
0
0
-1142
-1307
-791
682
362
-1512
-1510
-1530
-1434
-633
-1020
-1301
-1149
-1510
-1122
682
106
-1428
-1283
-1496
-859
-1525
-1471
-1451
-1508
-1009
-157
682
473
-1528
-613
-1418
-1496
-891
-1001
-1311
-1530
-804
762
682
602
-526
-1330
-1525
-126
121
-988
-1402
115
243
928
682
890
510
2386
3768
838
165
1595
4512
816
949
928
682
834
834
834
834
834
834
834
834
834
834
834
660
146
170
147
-354
244
-788
-548
145
146
146
146
311
146
188
-579
-1297
-1232
-1357
-1425
-176
146
146
146
311
146
518
-454
-1508
-642
-1496
-1044
216
85
36
123
311
146
25
-893
-1368
0
-1113
-932
-913
-1088
-1508
-812
311
146
303
-1273
-1529
-1509
-475
1211
1689
-161
879
-314
311
135
83
-1362
-1525
-1499
-1135
-1401
-1510
-1012
-1242
-1018
311
92
310
-1464
-1493
-1530
-1267
-1308
-1211
-1335
-906
-759
311
280
-99
-1519
-1015
-1473
-1520
-1481
-1305
-1530
-1437
-303
311
518
-464
-1530
-1530
-1226
113
-1324
-1044
-1490
-432
367
311
155
-836
-1196
-1447
-1191
-379
-1363
-1493
-1256
-66
146
311
163
-751
-1392
-1407
164
-307
-1311
-1291
-45
267
146
311
39
39
39
39
39
39
39
39
39
39
39
212
800
568
-331
-153
673
-393
-1068
822
800
800
800
350
800
-151
-1019
-1375
-1372
-865
-760
546
800
800
800
350
800
-1066
-1529
-1476
-1525
-1297
-461
177
711
860
760
350
800
-841
-1521
-1219
-689
-1274
-860
-1523
-1444
-937
648
350
800
-1181
-1523
-1363
319
1730
1581
631
1134
-486
-24
350
698
-1314
-1528
-1522
-1262
-744
3434
2431
1836
174
-555
350
245
-1274
-1520
-743
-1216
-486
-1240
-594
-790
329
-532
350
-342
-1418
-1523
-1519
-1499
-1060
-1400
-1313
-1242
-891
-501
350
-232
-1336
-811
-1476
-540
-533
-204
-1403
-932
-448
215
350
498
-1367
-1459
-966
489
-1318
-1293
-1092
-706
-346
800
350
776
273
-1168
-525
-242
920
-865
-716
-130
656
800
350
677
677
677
677
677
677
677
677
677
677
677
348
-372
-414
-1091
-1079
-1351
-798
102
-334
-372
-372
-372
-345
-372
-476
1062
-862
-650
2567
-1083
-166
-372
-372
-372
-345
-372
-337
-845
353
-1298
-760
-364
-634
-486
-574
-294
-345
-372
-356
-722
1293
-1530
0
-932
-1386
-1305
358
292
-345
-372
-162
696
1600
-1032
-1456
-398
-415
-1143
-1428
-134
-345
-402
-298
-640
554
644
577
-955
-1410
-1470
1284
-680
-345
-406
-781
-1103
-1382
-1412
-1510
-410
3386
490
2326
-1086
-345
-362
-828
-980
-1464
-1240
-958
36
2623
-47
-825
-580
-345
-126
-899
-153
560
321
-1472
-1495
-1295
-668
-585
-676
-345
-373
-215
-1326
-862
583
-751
-1450
-1235
-544
-501
-372
-345
-419
-735
-1197
-488
-438
-613
-647
-263
-435
-478
-372
-345
-645
-645
-645
-645
-645
-645
-645
-645
-645
-645
-645
-588
878
1285
1764
-1530
-1296
-1297
593
771
878
878
878
1312
878
2055
-213
-1399
-190
-2
2734
986
878
878
878
1312
878
3150
-462
-1108
-1485
1334
1508
1059
661
624
811
1312
878
2291
-795
-691
-1529
-799
-1485
-1530
-1530
-779
-14
1312
878
2863
-1331
-982
-1426
-1320
-1434
-1460
-1423
-421
-233
1312
899
2143
-1480
-1251
-1246
460
-1530
-937
-1406
-279
618
1312
1237
1271
-1388
-1408
-468
-188
-1514
-1406
-950
2592
1405
1312
2366
226
-1321
-1385
301
-204
-1530
-1288
208
1378
1902
1312
1388
436
-1485
-1452
704
4619
-1498
-1524
161
2135
923
1312
956
-535
-1429
-950
1072
371
-1417
-1390
412
1647
878
1312
902
-239
-1132
81
1372
64
-1080
39
1405
890
878
1312
411
411
411
411
411
411
411
411
411
411
411
786
428
592
3430
-118
-1261
-1510
245
827
428
428
428
715
428
1203
2250
-1529
-325
-1208
2695
780
428
428
428
715
428
1311
1392
-1318
-663
27
1546
564
380
440
516
715
428
1670
161
-1441
-1280
-831
-692
-704
-676
-582
1155
715
428
1420
804
-1427
-1244
-777
-1170
-1011
-1505
-925
1559
715
467
2616
-308
-1079
-1530
-1277
-1042
-1522
-1528
-321
2008
715
638
3661
-1308
-838
-1484
-735
-784
-1223
-1530
846
1511
715
881
2080
-1443
-443
-1283
2480
-1368
0
-1292
1567
462
715
1246
-90
-1402
-1436
639
2089
-1470
-767
300
505
395
715
258
-662
-1496
-1029
401
-233
-1524
-1306
42
141
428
715
374
-881
-899
-159
-157
-684
-624
-295
-51
396
428
715
458
458
458
458
458
458
458
458
458
458
458
720
896
598
-1509
-1230
-1508
231
1933
1268
896
896
896
860
896
-91
-1503
-1421
-1335
-1487
196
381
896
896
896
860
896
-507
-1530
-1512
-1515
-1155
-908
340
778
860
1004
860
896
277
-1466
-1524
-1529
-1521
-1030
899
2787
6233
3270
860
896
-904
-1501
-1474
-1456
-1530
-1081
-1016
189
2815
2855
860
782
-1459
-1486
-1444
-937
-99
-1092
-1090
-1513
-492
1480
860
160
-1511
-1528
-1465
-1502
-1332
-492
-1504
-1504
-1018
-505
860
-69
-1530
-1480
-1474
-229
-1356
-1515
-1415
-1465
-358
-312
860
703
-1430
-1082
-1402
-451
-1516
-644
-1454
-1001
-1059
598
860
1659
500
-1115
-1515
-1294
-87
-839
-1530
-1200
34
896
860
1078
2322
3023
1143
578
2379
2951
2073
418
883
896
860
639
639
639
639
639
639
639
639
639
639
639
717
300
792
-554
-1490
-121
-1478
-1403
440
300
300
300
489
300
2108
-1357
-1352
-1498
-1196
-412
143
300
300
300
489
300
340
-1089
-1441
-937
-124
3
628
71
176
177
489
300
1969
-1457
-1421
-1137
-1040
-1454
-1503
-1420
-1423
-596
489
300
1784
-1341
-1530
-1524
-821
0
-331
-1126
-1530
-886
489
498
312
-1506
-1484
-1469
-1462
0
-443
-836
-1512
-1095
489
1110
-691
-1530
-1517
-968
978
-625
-1502
-853
-398
15
489
547
-1064
-1461
-696
10
986
-1515
-1483
-187
2387
392
489
16
-1415
-1471
-218
2636
-948
-1511
929
3041
694
418
489
328
-1097
471
1179
1197
-866
1122
1274
1491
553
300
489
345
316
1238
490
136
216
684
493
130
329
300
489
90
90
90
90
90
90
90
90
90
90
90
118
566
364
-1229
-1529
0
-325
-1530
289
566
566
566
691
566
-165
-1328
-1329
-1087
-1382
-595
-294
566
566
566
691
566
281
-1024
-1462
-1494
-524
259
449
532
694
764
691
566
629
-1247
-1356
-1437
-1506
-1054
387
1674
1998
1532
691
566
-937
-1136
-1467
-884
-1096
-1340
-1496
-875
-1504
572
691
536
-953
-1363
-1513
-931
-1523
0
0
0
-1198
-1309
691
359
-1085
-1474
-1346
414
-494
-240
-905
-1503
-526
-990
691
401
-1195
-1515
-1368
-1502
-1530
-1432
-1434
-1474
-685
-882
691
1371
626
262
-1461
-914
-659
-415
-1522
-460
-485
406
691
587
3075
1902
2921
727
1145
948
1381
-183
-238
566
691
518
-9
-454
1675
412
-294
-390
1457
591
601
566
691
983
983
983
983
983
983
983
983
983
983
983
1113
-97
-80
-997
-1041
-1521
-1508
-1530
-189
-97
-97
-97
-47
-97
139
69
669
-1522
-1458
-1036
-147
-97
-97
-97
-47
-97
-857
-1032
-853
-1470
-1528
-1052
-154
-35
134
-161
-47
-97
73
-312
510
-1527
-1389
-453
569
-40
-1110
-304
-47
-97
-359
158
-183
-1523
-1521
-1315
-957
-1132
-1319
-869
-47
-29
13
-512
-902
991
-643
-510
1598
-1137
-1434
-1028
-47
85
-529
-928
-1251
-1226
419
4081
1191
-1490
-1438
-521
-47
-518
-756
-619
-1146
-1529
-557
-518
-490
-1051
-1378
-673
-47
-221
-787
-196
-539
-1487
-1494
-1042
-742
-1362
-860
-161
-47
104
-370
1612
-752
-890
-736
413
-857
-1205
-691
-97
-47
-30
254
-396
-501
-582
332
-36
-492
-559
-46
-97
-47
159
159
159
159
159
159
159
159
159
159
159
182
692
779
1879
-355
-1497
-1529
-1113
641
692
692
692
861
692
1006
2054
-240
-1508
-1528
-650
918
692
692
692
861
692
1931
5550
381
-1525
-1423
-151
1074
443
557
567
861
692
1211
3293
-541
-1142
-869
-1226
-1003
-1202
-1387
-130
861
692
1877
2408
-401
-1421
-1375
-1414
-1352
-1328
-1499
-472
861
697
2164
1465
-1065
-1332
-1358
-1169
-521
-932
-1508
-236
861
861
3081
1281
-1530
-1529
-1154
-984
-1512
-1417
-1389
793
861
1214
5136
763
-1512
-1530
-741
169
-1498
-1397
-657
1494
861
977
5082
1314
-1530
-1141
5417
3548
-1489
-1297
660
1040
861
688
1072
261
-1473
-569
1648
1216
-1438
-482
1240
692
861
688
58
-505
-623
608
-170
-252
-167
529
807
692
861
294
294
294
294
294
294
294
294
294
294
294
431
169
250
502
-142
-1185
-890
608
365
169
169
169
613
169
860
-28
-1508
0
1122
1513
377
169
169
169
613
169
2292
-1527
-1109
-1101
2957
2365
452
236
72
213
613
169
2109
-1221
-1057
-994
1963
1931
464
-240
284
780
613
169
966
-1514
-1175
-785
-7
-1249
-1448
-1527
-610
1198
613
164
2205
-1530
-1326
-1215
-160
-1318
-1371
-1265
372
1160
613
146
430
-1437
-1410
-626
1086
-1442
-861
-1294
2841
1302
613
1087
-1214
-1164
-1289
1269
2284
-1249
-366
1354
1371
776
613
2247
-1393
-817
-1474
1004
1734
-1299
-1417
1385
1257
479
613
61
-752
-1515
-1303
-132
606
-1498
-1377
-475
407
169
613
77
-1115
-439
-895
-338
-698
-564
-1042
-317
290
169
613
201
201
201
201
201
201
201
201
201
201
201
642
356
431
1153
-27
3628
4391
-639
169
356
356
356
266
356
270
-1349
-1516
-964
-1209
-1138
12
356
356
356
266
356
115
-1032
-1376
-618
-1529
-661
336
207
205
473
266
356
-712
-1472
-1270
-1486
-470
3736
3550
2516
2681
1147
266
356
-133
-1482
-1429
-1004
2200
3089
3158
2231
2265
274
266
310
-1117
-1493
-1462
-1195
-1517
-897
0
-1530
-1064
-1001
266
235
-687
-1530
-1427
-1233
0
-701
-388
-1519
-1347
-1137
266
463
-1079
-1512
-1090
-1523
-1320
-1510
-1329
-1470
-1498
408
266
-289
-914
-1527
-1405
-1530
-459
-1445
-1351
-1284
-239
691
266
137
-1503
-1364
-996
-1262
-1514
-1479
-1201
-1398
915
356
266
412
-867
-1180
-554
1666
208
-1045
-555
1371
510
356
266
119
119
119
119
119
119
119
119
119
119
119
83
497
724
-407
-1463
-120
-1530
-1382
228
497
497
497
1000
497
846
-647
-665
-736
-375
85
525
497
497
497
1000
497
1992
-1384
-1513
-1089
2615
1016
1245
452
394
417
1000
497
3030
-1066
-1160
-1062
-199
-1353
-1499
-1477
-883
-424
1000
497
2014
-1362
-1394
-75
-810
-1525
-1455
-1314
-1374
-994
1000
599
2632
-1521
-1498
262
39
-700
0
-612
-1512
-900
1000
960
3
-1451
-1506
1251
3169
-953
-1466
645
1250
892
1000
1205
-1165
-1443
-1431
1983
1410
-1373
-1408
1602
714
1473
1000
1497
-1040
-1501
-1348
711
1540
-1300
-1516
1433
970
898
1000
1402
1410
1310
357
350
2647
1727
-900
101
1206
497
1000
599
1361
847
-872
-331
2445
1000
-1139
22
666
497
1000
459
459
459
459
459
459
459
459
459
459
459
841
-110
-53
-223
-138
-917
-457
1197
-178
-110
-110
-110
-63
-110
-79
-1410
-1521
-1406
-745
1
43
-110
-110
-110
-63
-110
-153
-1126
-1521
-1530
-1200
-687
-150
-374
-262
-86
-63
-110
-275
-1510
-1325
-652
0
0
0
-115
-1410
-430
-63
-110
-99
-1394
-1504
344
3585
2895
1412
-1072
-1267
-529
-63
-126
-878
-1517
-1523
-611
2395
1624
432
3
145
57
-63
-123
-841
-1478
-1416
332
127
-1519
-1220
221
332
-251
-63
-134
-958
-1493
-1500
-1196
-1173
-808
-1515
-195
-525
-112
-63
-135
-981
-1530
-131
128
-526
-1300
-991
-531
-266
119
-63
-126
-237
-1118
-1422
-727
-769
-1229
-1504
-431
-85
-110
-63
-92
-760
-1008
774
524
-233
-545
414
326
31
-110
-63
-495
-495
-495
-495
-495
-495
-495
-495
-495
-495
-495
-403
299
99
-1124
-76
-285
-56
-1499
-220
299
299
299
225
299
-98
-142
3616
-1015
-1109
-1530
123
299
299
299
225
299
-264
-29
3494
-1169
-1107
-1380
304
272
359
238
225
299
-169
-396
1676
-1530
-1211
-1489
-1423
-697
-332
-255
225
299
-696
629
2168
-1414
-1073
-1074
-1363
-1506
-1218
-1058
225
289
-484
1174
1403
-1530
-1245
-1067
-1282
-1529
-1521
-1386
225
177
-325
2024
622
-1488
-623
-1335
-298
-1395
-1357
-1164
225
-222
-169
2748
-566
-1529
-1143
-740
1526
-1396
-1378
-388
225
3
-1115
4082
-1202
-1396
-1127
3656
-209
-1349
-949
251
225
206
-1036
-514
-1345
-1076
-1278
-526
-1170
-1173
-278
299
225
291
-965
-594
-1203
-346
-917
-817
-738
-440
328
299
225
235
235
235
235
235
235
235
235
235
235
235
163
967
664
-1470
-1386
-1198
-1275
1965
1785
967
967
967
562
967
-405
-1530
-1264
-1530
-1513
-630
507
967
967
967
562
967
-686
-1356
-1070
-1457
-1198
-560
262
814
784
992
562
967
-776
-1507
-1106
-1448
-1469
-227
946
2528
4037
2844
562
967
-1360
-1266
-1336
-1218
-1399
-1509
-1310
-241
522
2302
562
874
-1457
-1252
-951
-652
-251
-569
-440
-1491
-1045
1113
562
327
-1525
-1046
-1373
-1530
-928
0
-689
-1501
-1283
-565
562
126
-1519
-697
-1467
-174
-1491
-1501
-1453
-1148
-744
-302
562
194
-1516
-961
-1353
-1430
-1530
-902
-1349
-1372
-917
345
562
781
-410
1203
-784
-984
-1251
2840
-496
-809
12
967
562
946
1978
6432
4063
981
1592
5714
4633
866
864
967
562
672
672
672
672
672
672
672
672
672
672
672
360
1088
1213
203
-461
-1404
-1125
-1444
55
1088
1088
1088
832
1088
1520
-281
-1214
0
-1136
-551
1103
1088
1088
1088
832
1088
-230
-1066
-1336
-1430
945
966
1116
1155
1118
1009
832
1088
820
-1474
-1418
-1274
-478
579
1511
-4
986
-498
832
1088
-599
-1179
-1528
-1230
-1414
-1239
-1161
-1416
-1494
-1174
832
1190
-65
-1412
-1047
0
-197
-617
-650
-1438
-1055
-1020
832
1280
117
-1521
0
-1236
-1491
-1286
-1523
-1528
334
755
832
669
-521
-1147
-264
-1113
-1483
-1413
-1217
-1076
-316
1207
832
424
-1525
-537
-1350
-662
-1375
-988
-1073
145
2062
1078
832
155
-1436
-1137
2603
4612
-1110
-1181
1446
3611
1139
1088
832
864
-1314
415
1916
1683
-1258
113
2352
1875
1129
1088
832
1369
1369
1369
1369
1369
1369
1369
1369
1369
1369
1369
1004
1095
1097
-1011
-1390
-1507
4003
4971
1635
1095
1095
1095
1007
1095
1042
-1525
-1199
-1428
1715
1244
1539
1095
1095
1095
1007
1095
89
-1361
-1435
-1530
-950
537
754
1109
1095
968
1007
1095
-227
-1315
-1377
-947
-1319
-1216
-495
-209
2052
946
1007
1095
680
-1445
-1439
-1257
-1415
-1233
-784
876
2719
3480
1007
1213
-939
-1478
-1529
-1104
-1496
-133
-475
1295
4010
4465
1007
1329
-1520
-1515
-1529
-1528
-1344
-836
-1525
-1321
365
2468
1007
280
-1282
-1363
-1529
-1330
-1282
-368
-1471
-985
-546
-168
1007
45
-801
-1530
-1267
-720
-1252
-1519
-824
-850
-149
418
1007
1002
-1491
-1364
-1516
-871
-1508
-1436
-1470
-1202
-545
1095
1007
1176
-86
-1415
-1408
-747
440
-1347
-1212
-641
869
1095
1007
1108
1108
1108
1108
1108
1108
1108
1108
1108
1108
1108
927
881
1032
-2
-1527
-669
-1434
-1124
203
881
881
881
745
881
1418
-1081
-1282
-1254
-875
-598
1419
881
881
881
745
881
267
-1451
-1367
-1365
72
-338
849
873
813
864
745
881
687
-1502
-1302
-1364
-1178
-1225
-886
-933
-595
201
745
881
-90
-1530
-1085
-1031
-291
0
0
-773
-1498
-1004
745
964
-164
-1530
-772
-1018
-1219
-1456
-1528
-1398
-564
-324
745
1101
-603
-1524
-811
-1499
-1239
-1527
-1511
-1432
-444
437
745
818
-1169
-1465
-1301
-957
-1427
-1529
-690
37
-183
1308
745
392
-1492
-1373
-1258
715
-1119
-1530
-1458
2280
622
578
745
187
-1362
-1414
319
772
-976
-1298
272
1321
928
881
745
733
-963
409
1242
313
-1084
673
820
220
731
881
745
937
937
937
937
937
937
937
937
937
937
937
745
324
283
4350
-110
-1476
-1410
-1307
264
324
324
324
418
324
283
4161
-829
-836
-1405
296
793
324
324
324
418
324
1196
2473
-884
-1046
-1364
1031
645
277
293
268
418
324
605
1640
-1061
-1393
-1294
-1122
-1500
-1500
-1428
-700
418
324
560
945
-1219
-1511
-1284
-1529
-1435
-1326
-1528
-835
418
256
2082
1175
-1419
-1511
-1434
-1448
-1530
-1165
-1530
166
418
157
3536
322
-1528
-1506
-1436
-672
-1230
-1363
-825
1825
418
619
3891
-448
-1345
-1517
-260
257
-1525
-1514
473
1861
418
398
2657
-1149
-924
-107
7248
-75
-1309
-798
1984
682
418
364
-398
-1490
-1525
817
1207
-1365
-1515
421
1474
324
418
356
-596
-1449
-693
957
-441
-1404
-661
808
415
324
418
145
145
145
145
145
145
145
145
145
145
145
292
663
961
-501
2728
-933
-781
-888
408
663
663
663
1093
663
1368
-1090
1937
-1414
-1433
-1500
619
663
663
663
1093
663
759
775
1851
-1199
-1530
-965
568
654
833
657
1093
663
993
350
1485
-1409
-566
1289
2754
942
490
66
1093
663
1358
1563
1979
-1213
602
2984
2257
705
-44
-170
1093
670
645
3013
1830
-1511
-1352
-1523
-1283
-1517
-1340
-509
1093
692
177
4489
-639
-1484
-1515
-946
-509
-1316
-1512
-349
1093
1080
136
2533
-1519
-1328
-1518
246
-1471
-862
-1523
150
1093
810
-439
-624
-478
-1526
-934
196
-1077
-1378
-948
427
1093
1059
-678
-1530
-919
-1256
-979
-1523
-1187
-1434
132
663
1093
824
-276
-1146
-1480
-577
144
-837
-1436
-526
569
663
1093
827
827
827
827
827
827
827
827
827
827
827
1302
-827
-755
-1431
-1520
-1029
-1469
-1463
-691
-827
-827
-827
-769
-827
-568
-1264
1019
-1137
-967
-472
-793
-827
-827
-827
-769
-827
-242
-765
-272
1258
-40
-178
-676
-726
-849
-896
-769
-827
-419
-1024
-867
546
-955
-816
-1388
-1524
-1361
-1203
-769
-827
-55
-1355
-790
-1502
0
-287
-438
-1472
-924
-898
-769
-807
-414
-635
-851
-1498
-1402
-1467
-1521
-1504
-1530
-812
-769
-719
-1148
559
-510
-91
734
-1426
-1508
-961
-960
-317
-769
-552
-882
-108
74
455
-819
-572
-424
572
-534
-189
-769
-756
-801
-789
-616
-494
373
1046
832
313
146
-695
-769
-735
-484
-111
-192
-938
1135
-567
-97
-786
-278
-827
-769
-802
166
-226
-450
-175
-537
-561
-602
-217
-788
-827
-769
-787
-787
-787
-787
-787
-787
-787
-787
-787
-787
-787
-759
-81
265
199
-606
-1468
-425
-1366
224
-81
-81
-81
165
-81
1082
-1194
-402
-1446
2219
2266
-56
-81
-81
-81
165
-81
1486
-1329
-926
-465
1497
1108
137
-62
75
-157
165
-81
832
-1478
389
344
-501
-1215
-140
-990
267
217
165
-81
2470
-853
1469
-196
-1343
-1336
-1478
-1525
-1194
-907
165
-26
2200
-1124
254
-1487
-1388
-74
-384
-1298
-1137
-348
165
279
-28
-614
-531
-1445
-93
-1514
-1253
-330
2653
607
165
693
-1412
-1135
-1052
-760
2311
-1467
-242
875
4101
245
165
92
-1530
-1508
-799
2687
-527
-1517
-938
2356
883
164
165
-226
-1435
-1087
84
795
-1313
-1353
-449
544
72
-81
165
-117
-977
-158
164
-203
-623
-100
582
-65
44
-81
165
-111
-111
-111
-111
-111
-111
-111
-111
-111
-111
-111
90
-251
-343
-1398
-1367
1628
-803
-1390
-351
-251
-251
-251
-367
-251
-761
-916
1541
-1225
-1467
-1529
-451
-251
-251
-251
-367
-251
-249
-991
-626
-917
-1528
-1267
-427
-295
-269
-216
-367
-251
-592
-559
-1224
-147
-1491
-1249
-914
-823
-294
-438
-367
-251
-897
-1389
-1099
-1515
-1318
-1487
-1384
1011
-626
-438
-367
-296
-676
16
-1241
-1469
-1481
-1521
-1420
-122
-1525
-941
-367
-417
-1091
1051
-1404
-1529
-1337
-1056
-1510
-673
-1488
-1025
-367
-270
-567
390
-1452
-1469
-704
-824
-1509
-256
-1483
-990
-367
-572
-173
-971
-1425
-1452
-777
737
-1145
-1447
-1188
-526
-367
-265
-1023
-534
-1312
-1514
-1122
-261
-1464
-1489
-917
-251
-367
-258
-629
-544
-1028
-773
-833
-186
-797
-843
-303
-251
-367
-250
-250
-250
-250
-250
-250
-250
-250
-250
-250
-250
-347
-740
-537
-387
-1502
-1405
-1469
-1513
-931
-740
-740
-740
-610
-740
-499
-1510
-471
-908
-1398
-1380
-772
-740
-740
-740
-610
-740
448
-429
-1086
-1191
35
-633
-519
-748
-541
-793
-610
-740
-512
-939
-593
-465
1671
-72
-793
-1414
-1478
-1275
-610
-740
6
-1522
-1404
-1428
-308
0
0
-63
-1375
-1264
-610
-782
-240
-987
-1505
-739
0
0
-1452
-941
-1530
-1376
-610
-739
-597
-205
-1486
-1463
2189
-83
-1472
-1528
-1313
-588
-610
115
-172
-58
-1462
621
935
-1041
-1317
-756
793
-102
-610
-550
744
-1412
-1455
-221
1411
-642
-180
948
557
-196
-610
-729
-1353
-481
-691
642
-635
211
-90
743
254
-740
-610
-712
-249
-788
-1205
505
-437
-1056
-1149
62
-589
-740
-610
-583
-583
-583
-583
-583
-583
-583
-583
-583
-583
-583
-396
680
389
-1410
-369
-1476
-1465
-1495
294
680
680
680
681
680
195
629
-1522
-614
-1156
-1121
106
680
680
680
681
680
-233
-862
-1520
-1250
-1530
-412
703
931
788
752
681
680
1001
-581
-1422
-1194
-1529
1074
1213
1734
1718
865
681
680
-833
-779
-1526
-1303
-1509
-1475
-1530
-1488
-1208
-102
681
712
-488
-862
-1497
-1342
-1383
-970
0
0
-1262
-1096
681
478
-826
-1166
-1508
-1493
-1310
-1228
-1014
-765
-1429
-974
681
13
-789
-1523
-842
-1512
-1293
-1171
-1527
-1366
-1431
274
681
1486
-910
-1507
-1212
-1494
-1123
-1376
-1134
-1521
-67
601
681
639
1843
-1157
-1530
-1024
2231
-1187
-1521
-1201
1147
680
681
583
740
-641
1004
2464
352
-510
1414
2353
684
680
681
1341
1341
1341
1341
1341
1341
1341
1341
1341
1341
1341
1244
378
355
-1016
-1267
-1519
-1494
-1221
286
378
378
378
396
378
458
-1504
-1387
-1054
-184
527
120
378
378
378
396
378
547
-1304
-571
312
1146
-202
360
304
257
297
396
378
539
-1427
-822
-363
-1512
-988
-1418
-1497
-951
-160
396
378
203
-1226
-491
-1306
-1026
0
-387
-1507
-1485
-773
396
375
-187
-993
-1036
-1390
-261
0
0
-1193
-1504
-904
396
268
-821
-934
-583
-1054
-837
-1391
-1324
-507
1256
-449
396
327
-1274
-931
77
128
-516
-1477
-577
1219
3112
-224
396
633
-1509
-991
2199
3453
-1222
-877
2508
3615
126
292
396
281
-859
149
2368
946
-976
-171
2467
1149
-177
378
396
353
-299
1389
728
-220
-275
958
1148
-126
384
378
396
90
90
90
90
90
90
90
90
90
90
90
107
959
1394
-484
-1483
-1451
-1244
172
286
959
959
959
1298
959
2666
-1293
-1452
-1352
1108
-706
766
959
959
959
1298
959
1408
-742
-1319
-621
2351
-1290
1011
782
564
940
1298
959
2984
-1245
-1506
269
-1498
-768
-1486
-1510
-1038
260
1298
959
2458
-663
-1442
-1219
-1476
-954
-1313
-1241
-996
-424
1298
1157
1203
-1360
-1217
-1440
-1530
-1195
0
-1312
-415
-909
1298
1692
-139
-1522
-994
-608
550
-1524
-1529
-631
3161
-1184
1298
1236
-805
-1485
-84
675
-475
-1518
-1088
1373
-167
105
1298
1327
-1398
-1096
3623
2412
-1408
-1144
2464
3589
-876
497
1298
993
-239
-143
1364
-451
-727
-62
1997
-293
278
959
1298
979
-33
2706
278
-47
-6
2681
483
-111
786
959
1298
681
681
681
681
681
681
681
681
681
681
681
842
-20
21
-1247
713
0
-1523
-1511
-303
-20
-20
-20
197
-20
-15
-1052
-1404
-336
-1525
-299
-543
-20
-20
-20
197
-20
401
430
-1359
-1418
-353
1017
462
-148
-24
112
197
-20
725
-1513
-1339
-1393
0
0
-684
-933
-1530
-138
197
-20
-188
-245
-1474
-636
977
-824
-1296
-1324
-1530
60
197
-39
551
-1295
-1523
-1266
-1530
0
0
0
-1182
-1444
197
-32
-596
-1530
-1523
-15
2437
2524
-805
-1393
74
-234
197
277
-767
-1406
-1530
-1298
-562
-1465
-1248
-1087
-668
-28
197
951
-407
397
-876
-332
-216
-107
-766
148
474
1132
197
-67
148
2674
5396
1136
1786
509
5290
167
640
-20
197
-100
-71
-432
-77
894
281
-450
-269
1172
445
-20
197
180
180
180
180
180
180
180
180
180
180
180
455
-353
-315
-1082
-844
-1380
1338
-1349
-751
-353
-353
-353
-299
-353
-381
-1447
3707
-1074
-606
-1370
-245
-353
-353
-353
-299
-353
-427
-1515
277
-1027
-1518
-1090
-657
-361
-446
-376
-299
-353
-919
-699
2054
-1359
-1167
1487
1686
2158
1243
-531
-299
-353
-35
-991
-577
-1496
-1442
-64
0
0
-1320
-1182
-299
-364
-557
195
-319
-1270
-155
590
2159
1819
-148
-1459
-299
-296
-859
-567
-1411
-804
-1376
884
3342
-807
-1488
-1114
-299
-395
-1269
1929
-642
-559
-292
2464
764
-1073
-1530
-380
-299
-545
-1432
-312
-1413
-1468
-1506
-1499
-1512
-1438
-967
-597
-299
-237
-1429
-225
-1234
-783
-1320
-807
-595
-542
-339
-353
-299
-242
-34
-35
884
-133
-50
-342
586
-70
-366
-353
-299
-411
-411
-411
-411
-411
-411
-411
-411
-411
-411
-411
-322
-823
-929
-1528
-1523
-990
-1016
-1525
-522
-823
-823
-823
-716
-823
-1037
-1473
-1242
-857
58
56
-854
-823
-823
-823
-716
-823
-420
-1368
231
166
178
-655
-955
-826
-783
-811
-716
-823
-927
-1486
-1013
-1530
-600
-1469
-1516
-902
39
-146
-716
-823
-794
-910
830
-1501
-73
0
-1184
-1520
-1195
-685
-716
-837
-1217
-368
2862
3067
1557
-710
-833
-1465
-1140
-404
-716
-864
-986
-307
3177
1932
29
-1252
1632
461
1499
-884
-716
-829
-1286
-1062
-305
-806
-1172
884
6647
817
845
-944
-716
-780
-1222
248
361
1247
1225
-313
1116
1961
-942
-976
-716
-458
-1046
-377
-139
-364
-1429
-1357
-893
-868
-870
-823
-716
-761
-1186
-746
837
-555
-998
-581
1128
-514
-871
-823
-716
-816
-816
-816
-816
-816
-816
-816
-816
-816
-816
-816
-731
733
853
-1127
-1530
-1497
654
486
621
733
733
733
714
733
809
-1528
-1472
-1042
2044
2355
670
733
733
733
714
733
277
-1436
-1509
944
3903
911
908
734
754
760
714
733
388
-1385
-1529
3293
2281
616
713
340
769
628
714
733
44
-1495
-1395
1100
-248
-1188
-1212
-989
1189
557
714
785
-355
-1405
-1051
-557
-1501
-941
-631
-1252
147
390
714
878
-1278
-1405
-859
293
-822
-1322
-1521
1745
2348
805
714
729
-1496
-1431
-222
1483
-1389
-450
-1375
2296
441
591
714
432
-1509
-1372
-390
253
-1308
-1328
-937
780
200
766
714
466
-1267
-1170
483
-651
-1229
-1314
-346
-755
462
733
714
681
-378
99
-760
-86
101
-235
-742
176
763
733
714
829
829
829
829
829
829
829
829
829
829
829
759
237
398
648
-1449
-413
-1528
-1431
-382
237
237
237
5
237
522
-1313
-701
-230
-746
-700
657
237
237
237
5
237
-627
-1328
-1187
-1175
1763
235
184
269
164
254
5
237
-447
-1366
-1323
-13
2464
775
1805
-195
-370
-370
5
237
-228
-1359
-1363
-1520
-1460
-943
-970
-1385
-1486
-939
5
336
-457
-1530
-1028
-1382
-1233
-577
-1145
-1425
-1205
-1061
5
504
-354
-1312
-1198
-597
169
648
-1407
-322
468
278
5
-89
-1044
-1165
-1530
1016
-817
-1524
-1530
-104
-188
-33
5
-645
-1511
-508
-1255
-496
-1357
-1004
-1448
1149
883
72
5
-127
-1100
-180
1295
1701
-1254
-742
269
1299
-168
237
5
212
-13
-97
-70
-263
-526
-128
83
-266
206
237
5
497
497
497
497
497
497
497
497
497
497
497
169
340
419
390
694
-1396
-1176
-1526
-234
340
340
340
277
340
603
2323
2366
-255
-1110
-1460
472
340
340
340
277
340
590
2657
3832
-1002
-1111
-699
460
292
375
330
277
340
121
3509
4024
-1215
-1475
-1133
-641
-324
260
-61
277
340
816
3734
4005
-1426
-977
-302
-226
-1012
-1436
-1072
277
338
1512
3291
2033
-1369
-1389
-1233
-1325
-1505
-1412
-1176
277
408
1540
3085
-649
-1399
-761
1002
1978
-803
-1401
-682
277
555
1844
3905
-1217
-1299
-975
2441
50
-245
-1264
679
277
124
1028
1475
-1151
-1382
-340
1595
-1034
-1177
32
301
277
-48
-48
2265
110
-394
-740
2805
528
-514
581
340
277
238
-100
653
-185
99
-436
803
11
91
327
340
277
354
354
354
354
354
354
354
354
354
354
354
303
1259
893
-1186
-1384
-1049
-1222
-1447
705
1259
1259
1259
970
1259
-227
-1385
-1513
-1378
-44
-687
1129
1259
1259
1259
970
1259
116
-1520
-1085
-1491
-407
-138
1347
1349
1386
1185
970
1259
-579
-1515
-916
-269
-1431
-640
-309
-1452
-1293
89
970
1259
-888
-1516
-1076
-1046
-1487
-754
-812
-1185
-1505
-650
970
1197
-1375
-1360
-1248
-368
1608
1618
1293
986
-334
230
970
838
-1404
-962
-1334
-300
-1493
-1482
-1529
-208
-135
34
970
504
-1373
-1183
-1132
-1350
-1529
-1530
-1493
-1323
1355
1444
970
660
-1255
-1517
-1389
26
-231
-1180
-1513
-332
1229
1336
970
1190
773
1076
-677
1821
91
1738
-910
1801
2144
1259
970
1260
830
1654
3170
2325
1178
1934
3144
1747
1177
1259
970
1561
1561
1561
1561
1561
1561
1561
1561
1561
1561
1561
1255
-1442
-1349
-489
128
3861
-7
1460
-1472
-1442
-1442
-1442
-1440
-1442
-1048
157
520
2385
-481
398
-1269
-1442
-1442
-1442
-1440
-1442
-1362
492
40
1998
-269
-793
-1389
-1421
-1439
-1439
-1440
-1442
-1149
525
958
3652
1043
2101
784
-404
-725
-1322
-1440
-1442
-841
1091
1246
919
-143
401
-583
-56
-944
-1085
-1440
-1409
-767
425
743
-189
2330
2735
1835
1413
-373
-754
-1440
-1238
-706
424
362
-1102
372
2606
-248
179
-610
-685
-1440
-1322
103
21
1273
-23
893
2125
989
-105
-1049
-917
-1440
-1489
-670
-566
1655
-892
-717
-883
-278
-252
-991
-1406
-1440
-1500
-1294
-1143
-552
-1278
-1184
-904
-770
-1091
-1098
-1442
-1440
-1455
-1346
-1042
-879
-1186
-1458
-1047
-931
-1115
-1431
-1442
-1440
-1410
-1410
-1410
-1410
-1410
-1410
-1410
-1410
-1410
-1410
-1410
-1436
543
513
-1501
-1491
-1434
-80
-82
407
543
543
543
372
543
330
-1325
-1319
54
276
1869
569
543
543
543
372
543
-102
-1469
-1056
2838
372
1339
1101
317
602
441
372
543
-335
-1322
-91
1065
-1373
-1530
-1522
-1306
-712
-65
372
543
-284
-1424
-475
-298
-1518
-1274
-580
-1530
-1447
-564
372
555
-1194
-1530
-292
-1310
-1489
0
-350
-1398
-1239
208
372
528
-1476
-1310
430
-674
-1199
-1518
-637
2743
118
1234
372
114
-1393
-1106
2396
7
-1442
-1513
2504
1387
2123
1342
372
-144
-1426
-252
2146
508
-1453
-731
1234
965
1485
1379
372
278
-1357
227
1713
832
-946
-223
1466
980
1455
543
372
517
-238
-111
107
879
221
-247
287
1041
825
543
372
318
318
318
318
318
318
318
318
318
318
318
149
848
812
947
-870
280
2720
-3
996
848
848
848
683
848
699
-1446
-1451
-1510
-817
-312
478
848
848
848
683
848
343
-1363
-1527
-1350
-1193
-640
1073
704
753
849
683
848
-364
-1510
-1530
-1401
-816
-545
-752
-730
-697
693
683
848
-338
-1528
-1513
-76
1666
2322
2678
861
1500
513
683
858
-1084
-1506
-1435
-1341
-217
-1088
-1530
-1123
-1021
60
683
831
-1028
-1507
-1515
-1525
-1255
-1400
-797
-978
-379
-447
683
626
-1296
-1484
-1393
-1503
-922
-1093
-1257
-591
-350
87
683
433
-1220
-838
-985
-185
-645
-547
-1322
-647
-244
1101
683
191
-1486
-1470
-1528
-952
-1527
-1526
-1490
-1148
623
848
683
752
-1057
-1253
-1310
497
-472
-1217
-1307
422
968
848
683
502
502
502
502
502
502
502
502
502
502
502
344
-159
-115
2182
-1175
-1529
-502
1969
39
-159
-159
-159
154
-159
190
475
-1253
-974
208
4116
193
-159
-159
-159
154
-159
1164
-696
-1526
-1525
2439
435
21
-259
-182
-244
154
-159
1381
-1038
-1521
-1469
-1061
-1529
-1398
-1529
-538
-516
154
-159
935
-1357
-1414
-897
-584
-1364
-1526
-1293
-141
-72
154
-159
1403
-1501
-1397
-1478
-834
-1441
-1416
-1530
1393
1672
154
-127
1520
-1440
-1512
-615
3
-1457
-1101
-1230
3558
2301
154
244
697
-1515
-1505
2334
2745
-961
-1304
172
937
423
154
1031
-746
-1094
-1429
1576
2865
-1362
-1341
769
-264
111
154
67
230
-1527
-1247
-833
2180
-1511
-1372
-962
-57
-159
154
-144
-230
-1220
-1254
-584
149
-1102
-1238
-392
-12
-159
154
-320
-320
-320
-320
-320
-320
-320
-320
-320
-320
-320
-40
979
780
-1190
-1229
135
2891
855
1256
979
979
979
695
979
141
-1381
-189
-1342
875
-33
1423
979
979
979
695
979
-131
-1525
-1384
-1458
-1193
-341
822
819
834
870
695
979
-702
-1518
-1081
-1520
-1530
-1303
-1416
-802
-59
950
695
979
-810
-1530
-1528
-1072
-978
-463
-889
495
1137
755
695
856
-1275
-1350
-1513
-595
1406
3578
5174
6233
2715
1931
695
462
-1487
-1321
-1530
-1354
-1348
-1283
-1314
265
248
1006
695
428
-1488
-818
-1530
-1319
-444
-1469
-1528
-241
-566
696
695
117
-1418
-1490
-1120
-559
-1382
-1519
-1527
-982
36
896
695
418
-1502
-1483
-1529
-389
-1502
-1530
-1483
-1128
386
979
695
923
-908
-1529
-1488
-81
-470
-1442
-1436
-101
942
979
695
457
457
457
457
457
457
457
457
457
457
457
321
311
124
-1483
-1517
-955
-802
-1416
-147
311
311
311
175
311
-351
-1418
-1500
-773
-1303
-1501
-282
311
311
311
175
311
-853
-1331
-1529
-1323
-1276
-209
292
479
436
240
175
311
-491
-139
-1515
-1143
16
2275
2577
2529
1949
-46
175
311
-849
-1106
-1424
-1366
-1440
-1500
-1529
-1131
-1024
-824
175
336
-1349
-755
-1514
-1108
-899
-659
-54
-729
-1498
-1432
175
68
-1359
-1053
-1518
-1459
-1528
-1290
-1495
-1530
-1283
-1042
175
-470
-1255
-1524
-1485
-299
-1443
-736
-1074
-1365
-1123
-270
175
39
-1360
-1355
-1405
-1486
-1496
-1526
-1264
-1497
-157
276
175
654
883
327
101
919
1039
843
31
542
369
311
175
377
2205
2021
3039
1295
2101
2146
2907
1466
346
311
175
748
748
748
748
748
748
748
748
748
748
748
535
780
896
-1347
-1255
-915
-1451
-1451
619
780
780
780
656
780
596
-281
-1424
-1227
-1117
-1471
468
780
780
780
656
780
1405
1671
1373
46
201
-1284
857
490
706
759
656
780
73
2641
499
-869
-1530
-1142
-1327
-1478
-1400
499
656
780
161
490
-88
-1436
-881
0
-275
-798
-1515
145
656
731
-477
-453
-532
-1488
-1462
-216
0
-861
-1263
-765
656
709
-1259
-209
-971
-629
1118
-1402
-1101
283
-1144
-1038
656
1646
1300
163
-1180
-1419
-1051
-1230
-907
-137
-1177
-206
656
404
4707
5889
702
-1195
-338
5106
606
-593
-1297
448
656
86
5033
8649
3036
-1316
1876
10200
2046
-1256
-186
780
656
619
-392
2975
-419
-829
-1017
3522
280
-787
682
780
656
548
548
548
548
548
548
548
548
548
548
548
446
794
476
-1048
-859
-1526
-1289
-298
-158
794
794
794
843
794
-121
-1139
-1480
-1530
-1410
369
493
794
794
794
843
794
605
-1150
-52
-269
-1265
-816
920
766
644
796
843
794
817
-1524
-815
1178
-1530
-665
-1069
-1427
-1270
-556
843
794
281
-824
-1246
-293
196
-1511
-1205
-1431
-1459
-1436
843
718
-283
-1380
-1424
-1507
-913
-1154
-1481
-1530
-1244
-1150
843
353
-1083
-1151
-1209
-1518
-1529
-1426
1278
-1340
76
367
843
288
-1214
-574
67
-516
-1494
-1457
-1530
-942
-646
419
843
1079
-1308
-1413
2486
1544
-1429
-1487
1114
21
-30
876
843
1634
808
-1455
74
445
2145
-1231
-539
393
217
794
843
935
2889
531
-1181
-596
3304
1656
-1187
-499
893
794
843
650
650
650
650
650
650
650
650
650
650
650
712
